3 3 52
3 3 8
8 3 9
9 5 6
5 7 1399
58 6 62 65 18 98 18
13 12 19 59 20 36 55
13 55 49 13 82 45 1
13 100 20 8 73 44 73
8 49 74 70 87 70 66
5 7 2056
88 86 69 43 13 98 34
26 80 71 45 2 38 85
81 48 93 19 82 60 23
28 97 25 79 64 84 42
87 97 57 57 59 86 18
31 28 867
1 1 1 1 1 1 1 1 1 1 1 1 1 1 1 1 1 1 1 1 1 1 1 1 1 1 1 1
1 1 1 1 1 1 1 1 1 1 1 1 1 1 1 1 1 1 1 1 1 1 1 1 1 1 1 1
1 1 1 1 1 1 1 1 1 1 1 1 1 1 1 1 1 1 1 1 1 1 1 1 1 1 1 1
1 1 1 1 1 1 1 1 1 1 1 1 1 1 1 1 1 1 1 1 1 1 1 1 1 1 1 1
1 1 1 1 1 1 1 1 1 1 1 1 1 1 1 1 1 1 1 1 1 1 1 1 1 1 1 1
1 1 1 1 1 1 1 1 1 1 1 1 1 1 1 1 1 1 1 1 1 1 1 1 1 1 1 1
1 1 1 1 1 1 1 1 1 1 1 1 1 1 1 1 1 1 1 1 1 1 1 1 1 1 1 1
1 1 1 1 1 1 1 1 1 1 1 1 1 1 1 1 1 1 1 1 1 1 1 1 1 1 1 1
1 1 1 1 1 1 1 1 1 1 1 1 1 1 1 1 1 1 1 1 1 1 1 1 1 1 1 1
1 1 1 1 1 1 1 1 1 1 1 1 1 1 1 1 1 1 1 1 1 1 1 1 1 1 1 1
1 1 1 1 1 1 1 1 1 1 1 1 1 1 1 1 1 1 1 1 1 1 1 1 1 1 1 1
1 1 1 1 1 1 1 1 1 1 1 1 1 1 1 1 1 1 1 1 1 1 1 1 1 1 1 1
1 1 1 1 1 1 1 1 1 1 1 1 1 1 1 1 1 1 1 1 1 1 1 1 1 1 1 1
1 1 1 1 1 1 1 1 1 1 1 1 1 1 1 1 1 1 1 1 1 1 1 1 1 1 1 1
1 1 1 1 1 1 1 1 1 1 1 1 1 1 1 1 1 1 1 1 1 1 1 1 1 1 1 1
1 1 1 1 1 1 1 1 1 1 1 1 1 1 1 1 1 1 1 1 1 1 1 1 1 1 1 1
1 1 1 1 1 1 1 1 1 1 1 1 1 1 1 1 1 1 1 1 1 1 1 1 1 1 1 1
1 1 1 1 1 1 1 1 1 1 1 1 1 1 1 1 1 1 1 1 1 1 1 1 1 1 1 1
1 1 1 1 1 1 1 1 1 1 1 1 1 1 1 1 1 1 1 1 1 1 1 1 1 1 1 1
1 1 1 1 1 1 1 1 1 1 1 1 1 1 1 1 1 1 1 1 1 1 1 1 1 1 1 1
1 1 1 1 1 1 1 1 1 1 1 1 1 1 1 1 1 1 1 1 1 1 1 1 1 1 1 1
1 1 1 1 1 1 1 1 1 1 1 1 1 1 1 1 1 1 1 1 1 1 1 1 1 1 1 1
1 1 1 1 1 1 1 1 1 1 1 1 1 1 1 1 1 1 1 1 1 1 1 1 1 1 1 1
1 1 1 1 1 1 1 1 1 1 1 1 1 1 1 1 1 1 1 1 1 1 1 1 1 1 1 1
1 1 1 1 1 1 1 1 1 1 1 1 1 1 1 1 1 1 1 1 1 1 1 1 1 1 1 1
1 1 1 1 1 1 1 1 1 1 1 1 1 1 1 1 1 1 1 1 1 1 1 1 1 1 1 1
1 1 1 1 1 1 1 1 1 1 1 1 1 1 1 1 1 1 1 1 1 1 1 1 1 1 1 1
1 1 1 1 1 1 1 1 1 1 1 1 1 1 1 1 1 1 1 1 1 1 1 1 1 1 1 1
1 1 1 1 1 1 1 1 1 1 1 1 1 1 1 1 1 1 1 1 1 1 1 1 1 1 1 1
1 1 1 1 1 1 1 1 1 1 1 1 1 1 1 1 1 1 1 1 1 1 1 1 1 1 1 1
1 1 1 1 1 1 1 1 1 1 1 1 1 1 1 1 1 1 1 1 1 1 1 1 1 1 1 1
29 27 49
62 55 66 98 84 53 66 88 65 85 55 84 56 94 63 77 82 97 72 56 80 86 94 59 86 59 57
93 97 52 92 50 69 67 82 95 63 52 54 55 98 91 76 63 57 66 52 83 97 60 56 77 82 70
99 91 68 70 67 81 95 81 79 56 78 59 58 64 83 70 61 94 62 88 52 66 54 65 81 98 75
66 85 99 69 87 57 85 78 81 89 60 80 95 77 54 77 90 65 55 58 54 55 63 52 61 99 55
56 99 76 61 80 97 87 59 72 78 86 52 79 54 62 63 73 86 98 99 76 66 97 92 74 63 66
86 67 62 59 63 63 98 86 98 95 51 66 65 81 66 65 75 89 52 89 94 78 95 63 82 61 63
87 62 80 95 94 55 79 64 81 78 69 64 70 63 98 92 88 68 66 52 78 55 78 84 87 86 66
57 66 65 54 62 75 62 83 61 50 64 63 97 59 83 67 53 92 59 65 69 92 94 96 82 83 59
85 57 63 73 65 54 56 72 95 51 53 73 55 81 94 85 87 81 82 63 84 51 82 60 70 97 56
95 89 68 84 90 84 56 96 83 67 77 76 50 77 82 57 80 56 95 98 70 67 81 56 75 60 76
61 51 62 97 77 50 59 78 72 65 74 68 85 85 98 61 69 85 97 98 79 65 71 75 57 62 86
72 73 76 50 88 70 79 92 55 65 95 82 86 71 57 79 85 50 97 99 70 90 86 73 68 98 61
50 61 79 67 69 61 53 68 89 57 73 65 63 84 96 52 75 83 57 51 53 55 64 68 65 53 88
82 69 83 56 64 76 54 76 87 83 83 51 51 65 52 67 82 83 59 84 74 89 57 78 57 57 59
79 57 60 60 99 76 82 73 67 65 78 72 70 74 82 98 66 97 55 86 51 95 90 56 55 57 57
73 99 91 97 91 71 90 76 70 95 66 97 77 72 84 74 70 63 83 81 56 69 74 76 76 62 55
80 60 96 62 63 82 95 68 67 52 55 65 72 79 53 77 96 77 66 77 58 69 72 51 84 75 95
93 51 64 75 72 57 78 57 96 68 78 68 54 63 62 50 82 62 60 85 56 90 52 84 51 68 54
67 77 72 81 94 62 75 53 60 83 85 74 71 58 53 73 74 84 56 77 65 76 73 73 76 81 56
85 50 90 53 78 85 76 63 57 97 58 62 57 57 97 63 58 80 51 68 90 58 90 78 76 95 70
67 96 89 76 85 90 88 96 57 79 92 84 79 61 90 52 90 52 58 90 55 91 83 51 52 55 56
94 68 99 78 83 64 63 85 99 51 93 97 90 70 67 73 84 69 99 55 57 62 58 58 72 88 55
89 93 58 70 59 62 88 66 69 60 96 72 96 83 82 88 86 79 82 62 69 91 58 66 77 79 85
67 62 65 55 80 83 64 95 78 89 68 89 88 69 50 54 98 68 95 57 90 77 84 56 55 90 97
99 99 99 90 53 93 61 86 90 89 62 63 78 58 82 77 53 54 74 67 61 71 67 55 97 67 61
78 67 75 78 87 88 89 58 58 52 80 62 52 96 50 70 76 99 72 97 85 89 77 84 93 53 68
94 67 87 70 77 90 91 70 94 55 99 61 72 86 66 77 90 93 97 97 59 54 99 79 72 71 92
52 70 55 73 67 63 68 51 83 95 69 70 53 63 98 70 59 90 72 58 68 97 77 87 57 56 63
64 58 54 69 70 76 64 63 73 60 92 81 87 87 67 63 82 55 75 53 60 52 58 76 53 74 82
29 31 5940
3 2 3 4 2 2 1 3 4 5 4 5 2 4 3 5 5 2 4 1 3 5 1 1 3 1 5 4 3 5 4
1 4 2 3 2 4 2 2 2 4 2 1 2 5 4 5 2 2 4 98 96 96 4 100 97 5 4 1 1 4 2
3 5 1 5 1 5 3 4 2 1 3 1 2 5 4 3 5 2 2 5 98 4 5 1 4 96 100 2 3 3 4
3 1 2 5 2 4 1 5 5 5 5 2 5 1 1 5 5 1 4 98 3 1 4 1 3 2 98 3 1 4 3
4 4 3 2 5 4 5 1 3 5 5 3 1 3 1 2 1 96 97 99 100 100 98 97 2 5 4 3 5 5 3
5 1 5 5 3 2 4 4 2 5 5 2 2 2 5 4 2 4 5 4 5 5 1 2 4 2 1 3 3 3 3
4 1 5 4 4 1 5 2 2 2 1 2 3 3 2 4 1 3 3 5 2 99 97 1 96 2 3 5 5 5 3
4 3 5 3 1 5 5 3 2 1 4 3 1 5 5 4 2 5 2 2 5 97 4 5 1 3 98 96 2 3 2
1 4 4 3 4 1 3 2 4 2 3 2 1 3 4 4 1 98 98 3 100 1 96 4 97 2 100 4 2 5 1
5 4 5 5 5 3 4 1 3 1 4 5 5 5 4 4 1 99 2 1 4 5 1 4 98 96 4 2 3 3 3
2 2 2 5 3 5 2 5 3 5 2 4 1 4 5 1 2 3 100 97 99 2 96 100 1 3 4 1 1 5 3
4 5 1 1 2 3 1 4 5 2 5 2 3 4 5 2 4 5 1 3 4 3 5 2 1 1 4 3 1 4 4
5 4 3 3 3 3 3 4 3 1 1 4 5 2 4 2 4 2 2 5 3 5 4 3 3 4 1 5 2 1 5
2 2 3 1 4 4 1 5 3 1 4 1 4 1 3 2 5 1 5 4 1 4 4 3 2 3 4 4 5 1 4
5 4 2 5 1 3 4 1 3 4 1 1 3 2 3 2 4 4 3 1 1 5 4 3 3 3 2 2 2 3 5
4 4 3 3 4 1 5 2 3 2 4 4 3 1 1 2 5 2 1 5 1 5 1 5 1 4 3 3 4 5 5
4 5 2 2 5 1 3 2 2 1 3 1 2 5 2 1 1 4 4 2 3 3 5 1 1 5 4 1 1 4 2
5 2 5 2 4 1 5 4 1 1 2 5 4 4 2 5 5 2 4 1 5 2 5 4 4 5 3 5 2 1 5
1 3 4 2 2 2 4 3 5 5 5 2 2 1 5 5 4 5 4 5 2 4 1 1 3 2 4 3 1 1 5
4 5 5 5 4 3 1 1 2 4 3 5 1 5 4 4 4 3 2 3 3 1 4 4 1 4 5 3 2 2 3
5 3 5 3 2 2 2 1 1 4 4 4 4 3 4 3 3 1 4 1 5 4 3 4 3 4 3 1 4 2 4
4 2 1 2 4 1 2 2 2 4 2 3 3 3 4 4 1 2 5 2 1 4 4 2 3 1 5 4 4 3 2
3 4 3 1 3 2 2 2 3 1 2 2 3 1 3 4 3 1 5 5 4 1 2 5 1 4 5 2 5 4 5
2 4 1 4 5 1 2 4 5 3 3 3 2 1 1 4 5 5 5 5 1 5 2 3 2 2 1 2 5 2 5
5 5 3 4 5 2 3 2 1 5 2 1 2 2 4 3 1 5 5 1 3 1 3 3 3 1 4 4 1 2 3
4 1 4 5 1 3 4 5 4 2 1 3 3 4 1 3 4 4 5 4 4 4 4 1 5 2 5 4 4 1 5
3 1 4 3 2 2 2 1 4 2 1 5 5 3 3 1 1 2 2 2 3 4 2 1 2 1 4 4 5 2 4
3 4 4 2 2 2 2 5 4 3 4 5 2 1 1 3 1 5 5 5 2 5 5 3 1 3 2 1 2 1 5
3 5 4 3 2 5 2 5 5 1 3 5 5 4 5 1 1 5 4 3 4 3 3 1 1 3 3 3 2 3 2
28 30 75613
96 96 97 98 99 96 97 100 100 100 96 97 98 96 99 98 100 97 97 99 99 97 99 99 99 98 96 98 99 99
99 98 100 100 98 100 97 99 97 96 98 100 97 98 96 100 100 97 100 97 100 98 99 100 99 97 96 97 98 97
98 100 99 96 98 97 100 97 97 98 100 97 96 97 97 99 98 99 96 97 99 97 100 98 100 99 96 97 100 97
96 100 98 98 98 97 98 98 97 99 97 96 100 100 98 97 99 99 97 99 99 99 96 96 99 99 100 96 96 100
100 97 96 97 100 100 96 99 98 98 100 99 96 97 96 98 96 99 98 96 96 98 99 97 98 97 99 100 99 97
100 99 98 99 99 100 97 99 96 98 98 100 97 99 99 96 98 97 96 99 96 98 96 98 97 96 97 97 99 98
100 99 96 100 97 98 100 98 96 100 98 99 99 100 97 96 96 96 100 96 96 100 97 98 96 96 97 98 96 98
100 96 97 100 98 97 96 100 96 100 96 100 99 97 98 98 99 97 100 99 97 100 99 99 99 96 96 100 100 99
97 99 97 99 97 96 99 98 97 96 96 100 96 100 100 97 100 100 97 98 97 98 96 98 100 96 100 97 100 100
99 96 100 96 98 97 99 100 100 96 99 99 99 100 96 96 96 97 98 98 98 96 96 99 99 99 98 98 96 100
99 97 99 98 100 97 100 97 96 99 98 99 97 100 98 96 97 99 97 100 99 96 98 100 100 96 98 100 100 98
98 98 99 100 97 100 97 98 96 5 96 3 99 100 98 100 3 98 96 98 99 96 99 100 96 97 99 96 99 100
99 97 99 98 99 98 96 4 98 2 97 97 5 99 100 100 99 99 99 99 99 100 99 98 100 100 96 100 98 99
96 100 99 100 97 97 98 4 97 98 98 98 100 96 97 1 96 99 100 100 98 98 97 97 97 96 99 98 96 96
98 96 98 100 98 100 5 98 99 96 96 1 4 2 98 97 98 100 98 96 98 99 98 99 100 97 98 97 100 97
99 96 100 100 100 99 97 99 4 98 5 97 96 96 98 99 96 97 98 100 98 98 99 100 96 96 97 100 97 97
99 96 97 98 98 96 2 96 97 3 97 96 3 4 98 98 3 99 96 98 100 98 99 98 100 97 99 99 97 100
100 99 96 100 96 97 99 96 98 4 2 4 100 5 97 100 97 96 96 98 98 96 96 99 96 98 98 97 97 97
98 100 100 99 100 99 99 4 97 100 99 99 96 97 98 100 4 98 96 97 96 99 96 99 99 97 99 98 96 97
100 99 100 98 99 98 2 99 99 1 97 99 99 5 98 98 2 97 96 98 97 99 100 100 97 99 99 99 97 100
100 97 100 96 99 99 5 98 96 98 97 5 100 4 97 5 96 97 98 96 100 97 100 99 100 99 100 96 97 96
98 99 97 98 96 98 96 98 96 96 96 98 96 98 97 5 4 100 100 100 99 100 98 100 97 98 96 96 97 99
96 98 100 99 99 100 98 100 99 100 100 98 98 98 100 99 99 98 96 100 100 98 99 96 98 99 97 97 100 100
96 99 97 99 99 97 98 97 100 99 96 96 100 100 100 100 97 99 99 97 97 98 100 97 100 98 96 96 98 100
100 96 99 97 97 98 96 98 100 97 99 100 99 98 99 98 97 96 100 96 97 99 98 96 99 97 98 100 98 96
97 100 100 96 97 97 99 98 99 99 100 99 98 96 98 97 99 98 99 97 98 96 96 97 98 99 100 97 96 99
96 97 99 99 97 97 98 96 98 96 100 98 98 96 98 98 99 100 99 97 97 97 97 100 97 99 96 98 98 97
96 100 98 98 97 96 100 97 98 98 96 99 98 97 99 100 96 99 100 99 99 97 96 98 96 97 99 97 98 99
16 14 10311
88 83 89 45 1 69 83 57 58 97 20 78 69 19
71 45 61 78 16 52 2 22 40 37 91 98 4 83
20 58 71 47 23 87 60 28 7 1 47 28 44 33
62 33 25 33 3 51 30 43 62 29 60 37 43 18
17 93 70 72 12 6 94 54 48 85 62 37 80 99
55 66 12 92 60 15 11 38 67 70 96 64 30 78
1 24 99 17 28 7 11 6 88 22 36 75 68 80
71 87 58 28 19 39 80 61 34 52 56 35 54 89
3 78 55 77 83 53 13 13 83 6 7 91 11 46
76 49 50 75 24 60 52 97 94 46 52 49 12 29
57 24 80 17 70 52 17 67 42 76 38 47 78 72
16 10 56 17 5 84 34 63 71 29 41 66 66 13
7 6 56 57 57 31 46 6 65 29 50 47 60 87
17 84 2 85 65 47 60 67 58 40 67 33 38 23
4 64 54 12 13 66 9 55 54 72 30 6 3 3
70 91 49 17 56 93 17 24 59 34 89 41 61 51
24 8 9135
6 21 99 66 47 49 13 75
11 72 64 29 32 3 44 68
16 32 94 64 43 20 60 59
97 17 30 31 41 13 62 84
100 2 55 74 74 70 50 93
65 100 83 8 74 67 24 59
81 9 37 46 26 53 17 67
98 36 17 19 96 84 96 62
13 96 56 100 4 48 19 60
11 27 34 41 70 17 58 65
32 96 85 80 81 24 7 39
83 76 27 71 62 44 42 18
30 13 94 63 25 33 5 72
30 15 46 7 58 35 18 60
93 43 1 81 60 96 63 8
77 71 90 62 33 16 71 32
65 55 65 83 7 26 18 75
72 30 71 51 28 3 12 26
80 8 90 16 65 27 20 47
2 64 12 17 93 49 80 26
18 31 77 53 72 43 76 27
46 36 17 33 28 42 88 100
25 38 73 31 94 85 50 97
32 73 71 32 86 26 52 73
7 25 8201
3 82 42 5 93 92 90 36 23 12 19 92 76 64 50 19 74 72 24 96 95 17 21 73 72
41 15 6 87 50 30 53 49 31 20 70 88 4 46 43 54 92 78 6 22 75 65 91 82 34
26 66 14 64 81 64 9 47 57 21 79 30 3 63 60 53 7 69 75 14 41 54 42 13 22
82 7 59 85 100 6 74 15 55 22 23 46 11 33 36 28 18 41 82 26 48 54 64 52 14
97 65 46 33 42 86 58 72 2 51 44 64 49 42 57 12 45 46 15 39 65 75 95 70 97
98 75 25 22 97 30 31 75 34 53 35 85 43 72 98 92 20 42 6 82 16 69 46 100 66
74 72 79 81 62 36 89 58 1 88 94 56 66 83 16 57 88 53 17 21 34 7 65 12 46
15 5 3711
69 23 2 13 66
82 74 37 14 64
48 75 27 47 91
44 32 100 93 24
45 72 53 81 80
75 29 58 22 37
8 99 22 80 58
33 81 67 36 92
13 9 72 96 65
99 50 68 47 47
20 75 66 93 91
7 6 17 20 28
21 67 17 1 86
64 29 28 61 99
75 85 82 71 80
7 15 4803
5 55 16 97 43 7 34 23 45 6 81 30 45 75 19
43 40 62 67 54 41 5 57 84 47 27 59 27 74 98
83 6 25 59 91 33 82 33 28 51 15 92 49 3 12
83 5 35 68 28 56 100 32 3 22 41 74 48 85 2
9 87 32 7 27 73 100 83 81 9 51 86 13 68 13
96 60 93 47 30 16 91 9 2 25 75 60 9 69 22
82 93 99 54 6 81 17 14 79 19 26 51 82 77 37
7 12 3999
47 93 81 10 66 47 59 3 26 61 88 18
93 100 73 1 43 38 21 34 36 27 6 23
85 62 16 38 29 96 30 28 73 8 28 55
14 40 3 65 53 71 93 9 99 1 82 91
72 10 92 7 48 89 39 52 26 94 31 71
60 62 85 20 76 21 65 55 83 46 69 85
77 88 50 18 95 55 21 37 70 18 91 49
7 27 8632
73 45 83 27 94 24 53 47 97 82 89 47 54 41 52 35 75 12 53 55 28 59 55 54 79 40 29
36 39 89 1 37 92 14 64 10 98 39 91 47 97 48 28 48 55 89 40 58 13 59 44 55 93 95
35 41 2 35 38 92 74 9 78 86 39 99 79 9 85 53 33 98 39 33 76 3 20 49 30 50 59
71 46 31 15 5 76 75 26 91 74 42 25 21 83 27 80 46 35 98 86 46 21 48 2 25 37 13
32 18 36 25 75 40 13 21 35 47 14 19 21 56 72 47 97 42 67 98 75 41 78 57 23 91 69
3 20 82 28 1 30 22 84 43 79 93 45 67 95 39 46 93 30 36 1 30 35 84 95 22 20 92
35 55 65 71 77 4 60 86 51 73 99 19 56 70 41 43 87 65 65 43 2 8 18 14 93 6 69
28 17 22592
52 27 23 29 76 57 19 27 53 27 20 34 87 14 87 18 46
56 26 42 57 36 89 67 36 35 26 99 9 32 2 2 63 88
91 28 8 64 37 18 74 9 60 39 22 100 49 30 48 45 43
82 4 24 61 98 43 90 67 92 21 88 8 21 48 100 58 69
89 68 51 21 66 96 49 66 90 41 13 45 73 6 35 98 80
16 19 54 6 45 35 88 18 82 64 92 90 68 26 9 66 40
38 43 11 23 41 93 43 48 70 25 81 86 79 19 45 95 71
69 62 70 48 93 44 76 5 92 42 31 33 84 45 39 1 69
75 11 80 89 56 22 93 33 46 99 25 22 95 4 45 92 97
94 6 68 53 39 2 32 45 100 53 40 76 47 82 22 67 91
25 28 37 73 77 78 40 25 50 31 15 52 56 24 63 92 87
4 98 29 68 64 82 35 12 78 72 26 96 65 18 62 99 17
83 57 9 93 50 47 41 23 58 30 10 66 21 100 55 17 36
95 87 24 52 31 36 40 50 9 96 12 87 56 66 59 47 45
58 30 12 6 4 75 44 62 26 5 13 50 2 66 65 4 64
88 70 45 19 1 93 5 52 73 96 48 36 31 34 16 89 86
73 82 95 23 91 75 80 17 50 39 9 100 81 96 13 62 87
33 17 6 42 33 67 21 78 75 85 98 27 66 11 54 82 4
76 55 68 99 84 95 37 8 37 33 61 63 53 91 48 26 71
15 11 88 9 85 66 89 12 43 28 59 40 90 94 75 4 23
71 87 81 10 9 64 40 31 78 54 44 96 60 18 50 82 30
19 77 70 93 34 13 26 35 84 90 22 18 38 28 85 26 62
66 83 6 13 5 42 27 99 36 38 95 91 24 59 6 43 78
93 28 44 79 67 33 53 94 62 71 48 33 67 20 92 41 99
64 22 14 37 90 67 52 98 12 55 53 20 14 77 47 61 28
68 30 54 20 10 40 68 69 86 88 55 49 87 81 30 32 11
33 80 17 42 90 98 11 19 12 17 17 2 76 52 20 24 57
78 52 80 44 6 36 89 35 9 99 17 36 94 16 64 27 28
5 16 3864
29 55 28 3 84 35 51 2 44 78 43 9 71 8 89 15
31 38 57 46 5 93 1 48 67 52 33 51 66 96 45 94
81 12 14 12 66 86 82 44 84 71 45 4 11 79 82 21
64 89 37 81 74 92 80 94 100 22 22 89 67 43 57 98
52 64 100 2 34 50 47 2 97 89 75 82 13 49 3 28
7 19 6585
40 47 20 38 30 64 9 64 56 95 21 69 59 15 17 77 59 62 21
85 58 20 28 6 19 49 60 69 28 82 91 74 74 48 52 73 55 50
12 6 81 100 20 43 40 93 84 75 17 45 80 35 28 85 13 72 59
95 7 60 29 93 30 98 12 58 12 41 73 60 79 27 65 83 9 61
23 12 30 79 87 22 53 39 37 40 48 100 7 2 73 65 79 38 26
51 26 76 41 75 83 99 66 47 62 92 54 63 50 80 44 86 24 81
100 37 18 19 16 76 68 83 45 82 34 53 47 50 81 35 79 87 29
26 15 19724
63 7 88 4 83 43 58 68 57 39 94 39 15 20 75
54 8 27 93 68 28 81 41 41 89 16 1 68 71 98
88 74 70 91 18 82 29 64 94 3 50 30 6 75 5
25 33 40 63 6 37 26 52 76 5 34 52 43 65 14
9 93 74 83 6 71 9 59 100 94 51 92 90 29 60
94 86 58 4 47 32 99 46 2 99 30 97 72 34 89
20 41 92 5 72 66 28 84 50 36 71 71 31 61 87
35 35 11 12 33 84 43 69 63 69 87 66 77 76 14
54 90 23 91 12 24 96 1 91 21 31 19 1 87 39
33 80 56 85 64 17 44 75 43 49 85 89 14 39 74
42 70 98 3 11 58 68 23 69 65 23 61 45 69 81
8 90 22 45 16 76 52 100 60 26 92 3 67 89 69
2 75 14 60 90 73 90 83 5 19 34 70 27 6 12
85 97 3 55 49 28 78 34 93 16 42 5 65 89 34
35 40 69 36 28 97 89 22 52 83 71 54 83 32 10
65 21 8 29 17 19 96 8 1 28 11 4 88 95 90
78 73 87 79 38 32 65 96 12 65 18 95 9 100 20
59 38 40 10 52 64 49 70 70 75 18 73 52 38 4
12 7 70 88 33 1 73 18 1 6 79 53 7 53 68
94 35 64 8 59 60 61 43 73 17 100 46 40 62 13
1 95 51 39 39 88 54 95 9 95 86 69 84 39 21
87 38 91 20 6 56 16 21 82 28 71 27 63 93 82
14 10 82 87 57 97 91 97 5 73 84 16 43 4 93
67 70 44 15 48 97 56 85 46 57 80 99 98 84 21
7 22 63 61 4 70 18 7 59 85 28 33 95 12 93
12 66 89 9 39 86 31 74 82 12 23 22 62 64 70
29 19 25076
100 76 73 53 97 74 69 86 61 18 35 87 53 78 38 12 16 1 8
6 31 44 45 34 70 54 81 56 31 13 78 53 81 3 92 74 1 53
33 22 96 25 20 29 10 15 52 100 12 9 41 34 16 23 92 36 58
24 62 9 73 78 22 66 23 30 6 11 68 62 62 68 93 83 18 70
21 64 14 85 57 7 13 89 59 59 52 49 2 62 88 90 53 31 78
35 8 6 66 30 91 3 46 37 6 31 45 6 11 14 13 54 75 43
71 29 36 81 93 14 67 88 59 39 55 2 86 83 10 64 26 75 72
7 33 39 15 65 16 44 8 71 16 96 91 41 27 44 9 20 95 19
42 79 75 25 28 20 59 62 94 35 46 3 62 15 29 21 1 69 27
71 55 57 45 85 91 71 22 47 29 48 16 13 75 72 84 70 74 84
26 90 37 80 22 38 16 71 13 41 48 89 70 32 61 45 75 78 1
49 19 89 57 39 68 35 44 92 52 96 47 57 91 20 69 48 38 44
87 50 80 59 73 17 62 46 60 15 61 40 99 56 17 3 12 57 24
74 42 3 64 2 86 81 24 21 49 64 44 40 31 8 16 61 74 11
10 36 10 34 90 100 50 85 96 72 48 67 53 48 92 91 43 54 72
22 71 98 59 33 62 19 46 56 86 1 10 32 91 98 8 62 55 24
57 13 76 16 49 75 73 15 89 60 100 18 4 42 95 27 23 78 15
11 35 58 57 73 3 12 66 76 32 83 53 16 52 98 18 15 55 88
34 4 63 64 4 1 6 88 38 22 56 97 76 53 90 59 41 6 61
40 13 83 11 60 15 44 1 100 31 47 14 99 28 73 67 61 82 26
60 10 6 21 32 48 51 5 5 32 63 82 37 84 88 29 17 19 54
95 35 27 18 55 50 6 14 89 93 86 39 31 56 9 87 2 82 58
82 70 9 56 59 81 1 26 7 86 80 53 41 47 15 8 41 41 66
41 81 40 15 58 5 94 76 1 86 17 14 57 75 51 35 9 90 57
41 28 59 71 34 50 6 71 7 88 12 81 65 38 27 65 46 8 12
76 98 14 88 65 57 36 52 31 96 2 93 22 95 25 39 61 84 55
62 61 96 52 10 68 4 19 66 10 35 27 85 98 26 4 47 70 35
33 32 81 6 22 42 79 100 38 10 21 97 46 56 78 19 68 20 78
61 5 59 14 75 51 69 39 46 98 98 3 61 42 33 81 12 7 49
20 6 6100
69 14 86 72 21 43
46 35 20 63 1 62
39 54 72 15 49 56
73 57 4 65 97 16
57 44 4 82 53 49
81 77 92 94 41 74
28 37 100 92 36 13
77 65 90 22 59 80
90 92 47 41 14 8
80 9 2 71 73 81
53 16 2 71 69 100
45 34 81 47 22 84
4 74 51 64 59 51
64 67 72 35 73 78
86 82 56 15 1 84
29 30 26 5 46 72
52 54 28 48 27 100
2 72 97 20 50 39
65 85 58 4 24 61
93 57 83 39 15 19
29 12 16729
78 58 36 46 36 55 98 5 20 98 67 91
13 12 66 10 99 27 64 67 16 82 30 17
79 60 6 72 23 48 66 15 79 46 67 92
27 10 55 64 93 92 54 17 96 36 85 21
15 46 10 98 29 46 88 69 42 83 96 78
60 86 71 94 56 35 68 95 46 28 26 18
100 41 10 51 39 23 52 6 91 16 89 85
38 62 100 75 49 55 45 93 67 48 37 91
34 41 37 94 24 66 87 30 7 3 98 24
94 18 91 39 72 48 76 13 31 52 9 19
51 77 62 72 37 97 30 12 14 33 35 6
11 4 90 81 57 66 75 8 25 26 96 96
95 1 15 32 72 8 9 77 30 41 43 17
79 66 49 57 89 52 78 32 79 71 100 51
61 2 63 61 96 65 42 62 69 54 73 31
72 87 50 56 58 38 13 81 63 83 8 82
82 45 55 99 52 4 52 16 21 32 54 88
78 55 33 65 72 15 27 36 81 27 53 58
79 91 89 95 96 13 41 98 8 31 80 10
57 26 46 74 74 20 36 35 87 31 66 29
76 37 68 25 98 85 68 62 13 12 68 21
18 41 33 88 62 91 60 34 3 48 47 91
58 96 48 100 41 72 27 57 2 80 39 83
20 9 42 42 90 87 46 32 21 60 75 48
32 78 86 12 88 1 33 82 9 1 51 78
48 70 7 32 92 79 92 68 100 28 19 3
7 76 54 11 4 2 41 62 38 62 64 92
23 92 49 5 80 53 37 24 12 7 42 56
8 48 68 8 46 68 66 39 9 57 25 81
6 8 3000
81 100 85 92 85 51 89 88
77 94 89 84 48 50 44 71
72 87 100 61 10 9 26 31
95 21 24 95 72 79 58 65
69 38 74 93 58 32 70 11
72 36 82 64 74 44 9 55
8 10 3804
3 86 61 41 91 82 38 81 64 25
51 18 45 30 25 94 21 19 29 71
12 57 71 78 46 28 89 62 54 95
72 8 76 95 91 54 80 49 23 97
22 36 5 50 92 55 99 60 69 23
26 31 39 71 25 41 60 62 68 50
3 54 17 27 64 95 6 92 17 6
9 28 86 43 13 15 1 95 80 1
19 25 21964
68 12 21 67 29 3 92 34 81 39 67 68 11 68 12 78 93 69 41 1 14 64 30 67 21
63 93 63 31 40 72 43 43 81 91 52 63 73 65 68 22 94 34 43 71 3 23 64 14 72
81 87 89 54 61 57 41 63 55 80 37 28 64 31 38 91 21 50 97 46 62 12 92 31 23
83 62 78 88 40 36 47 53 59 49 94 4 3 84 1 82 84 44 13 35 39 93 68 53 39
32 44 55 22 11 6 45 75 5 35 91 99 33 75 49 29 78 90 52 42 70 10 10 42 34
5 7 28 29 77 21 5 90 32 56 64 27 76 91 50 56 94 72 13 4 73 9 84 15 82
5 3 11 59 79 20 72 20 92 10 73 92 100 49 19 82 87 56 68 55 11 67 34 98 29
57 69 26 33 48 16 70 3 13 28 75 74 25 94 93 52 37 15 1 75 18 100 59 65 44
35 88 16 27 74 81 36 62 81 49 17 79 28 63 70 33 99 76 92 84 23 7 82 13 82
18 43 59 1 35 16 92 4 60 12 9 94 63 85 92 67 72 15 84 2 56 95 13 33 43
33 43 1 50 16 37 43 39 35 100 36 28 18 7 62 22 49 30 2 70 60 46 94 47 22
63 18 28 31 78 61 12 20 89 56 96 61 66 36 9 63 55 66 61 57 85 68 45 5 34
16 76 30 87 60 89 86 76 45 72 24 35 65 82 35 98 86 12 55 4 20 23 96 54 13
57 24 76 35 97 87 99 17 74 71 89 5 27 44 36 20 40 61 7 17 67 94 11 72 91
44 18 54 46 54 98 5 44 23 89 39 49 63 79 22 72 6 20 58 98 82 28 53 23 48
88 56 54 31 34 16 9 99 76 2 61 36 38 44 99 12 4 56 4 16 61 82 8 82 39
97 51 23 47 62 49 11 33 83 97 19 59 1 3 40 11 55 42 63 85 100 8 67 24 17
47 20 55 11 96 59 29 42 82 31 74 23 11 24 61 81 34 13 14 83 82 98 15 88 48
56 33 29 56 71 43 95 28 49 1 32 97 34 41 69 97 55 58 58 12 55 89 64 26 13
30 7 10011
96 56 97 47 40 53 30
20 16 37 24 41 12 62
4 10 52 12 83 79 52
96 86 43 35 47 50 91
47 25 59 76 97 97 60
79 10 85 21 5 46 95
89 7 75 59 69 22 66
99 36 96 24 81 39 8
100 1 26 83 43 65 47
12 22 12 42 54 92 3
30 76 93 87 48 85 34
80 88 95 75 21 65 27
76 91 71 29 37 72 5
28 86 75 71 6 77 61
90 82 21 93 100 76 43
66 97 41 67 11 69 15
42 14 8 33 61 64 10
82 45 25 59 71 74 24
89 77 47 80 21 50 58
91 12 62 35 2 57 64
87 70 19 31 60 80 15
86 44 21 20 50 44 66
90 98 45 88 16 98 38
40 34 64 88 29 8 84
28 13 10 84 79 34 92
21 60 6 17 68 63 76
85 74 7 43 30 18 69
34 41 20 33 33 40 11
48 10 41 89 100 32 68
15 56 95 70 74 28 11
26 22 28158
96 19 67 18 17 18 70 69 73 75 45 67 22 85 71 19 52 82 3 45 53 59
93 61 33 46 34 70 2 59 14 22 75 93 24 100 56 50 79 1 69 91 55 80
87 26 26 4 34 18 65 38 34 93 45 45 65 100 30 71 78 31 24 69 80 85
46 40 1 70 97 8 35 23 17 41 93 4 79 90 30 70 90 38 56 35 90 50
14 24 84 68 99 5 68 13 50 79 15 56 39 74 41 55 7 45 97 2 48 47
9 62 5 66 82 20 9 55 46 34 3 42 77 56 66 47 27 11 20 37 29 94
97 39 50 18 38 25 83 46 30 49 95 56 2 1 50 82 82 85 33 80 44 75
45 25 3 82 9 49 73 8 64 54 40 9 32 39 27 67 33 58 65 83 46 41
63 18 32 44 20 54 89 4 38 58 82 100 89 64 44 81 16 74 57 60 88 95
39 95 80 90 39 14 25 37 66 26 60 4 41 76 1 62 8 98 94 63 74 89
21 81 99 4 81 14 17 38 53 8 68 6 94 16 16 99 53 77 26 93 67 24
40 41 42 74 98 90 74 70 47 63 99 75 29 50 54 91 58 31 14 17 91 57
63 97 22 48 11 34 77 54 45 72 35 71 29 32 76 36 62 42 49 64 39 94
39 5 27 73 61 34 5 29 96 53 14 62 95 13 52 18 81 32 60 45 3 63
76 8 77 33 66 37 51 28 8 67 85 58 72 66 58 54 35 94 71 91 63 84
21 57 22 50 63 74 19 55 35 5 97 64 91 54 32 45 77 46 87 2 87 69
48 87 42 95 30 36 3 65 99 81 27 67 85 33 2 76 36 45 8 22 19 50
28 19 93 42 59 40 56 13 77 63 24 51 2 70 99 9 98 88 92 36 94 1
65 28 26 46 24 51 87 48 10 20 8 76 42 79 13 68 8 67 67 51 32 83
81 37 30 81 39 51 28 43 99 49 29 77 55 86 5 78 43 27 30 79 69 21
21 86 44 52 81 61 46 75 46 65 65 57 4 34 55 88 65 80 82 31 80 33
48 95 53 99 1 36 19 48 8 33 49 12 76 36 22 20 94 77 81 95 89 81
42 1 28 89 18 2 36 7 82 25 94 9 58 86 15 30 94 58 44 41 65 78
100 61 75 25 30 98 22 83 73 65 69 18 11 17 67 70 26 26 10 45 11 50
14 64 62 19 85 71 6 6 98 66 61 73 90 57 80 92 78 61 83 96 6 5
86 64 88 88 25 89 22 59 82 16 34 84 67 63 87 19 45 46 62 25 56 50
25 21 23994
36 19 50 4 31 95 85 19 44 57 43 49 75 70 85 32 5 39 18 51 38
38 15 77 17 57 67 81 73 51 11 87 35 20 5 24 55 100 78 87 31 29
26 61 25 53 18 15 72 3 28 45 5 71 85 77 48 67 40 91 89 63 44
7 25 52 84 78 20 78 28 3 90 46 42 50 17 81 40 65 20 16 26 22
8 41 43 41 91 97 58 61 88 24 19 82 6 84 18 93 11 91 12 27 18
11 2 45 70 19 69 1 57 86 19 32 38 6 53 86 12 7 8 44 70 36
85 84 11 99 43 97 92 99 48 8 100 30 78 44 15 3 57 49 19 100 40
79 66 21 66 13 27 21 69 53 16 57 85 28 23 15 64 5 41 28 19 60
58 12 94 82 63 88 47 91 45 19 63 68 41 55 12 47 5 91 65 87 12
8 85 84 13 34 43 30 6 57 28 58 21 100 46 11 91 20 60 45 84 80
63 72 8 52 11 95 12 93 51 83 4 8 15 21 14 18 8 6 90 36 75
61 26 31 48 20 58 30 4 70 23 43 83 29 52 1 17 29 61 41 15 90
74 31 41 69 6 84 93 51 55 21 59 58 39 9 96 70 41 56 5 94 41
42 39 58 71 42 83 99 8 33 10 71 38 89 66 16 39 34 100 47 57 41
7 43 5 14 64 57 2 87 70 66 91 80 39 5 70 92 49 66 55 15 11
27 75 42 46 18 67 96 84 48 4 91 28 9 20 35 20 99 77 37 69 36
1 33 39 12 79 97 60 61 90 77 92 48 77 31 42 44 25 7 69 8 36
37 87 73 29 19 76 51 84 38 43 59 5 93 14 13 100 10 3 74 47 71
40 88 27 35 85 43 12 4 80 42 35 67 12 22 49 54 47 43 69 61 40
23 98 26 58 48 77 91 78 58 91 50 76 68 100 54 80 30 13 52 12 5
56 47 19 87 20 77 52 42 66 64 75 2 15 58 10 14 91 36 82 68 26
39 20 97 85 19 21 7 37 91 11 100 84 15 66 36 73 99 29 39 86 60
12 36 35 88 1 29 79 27 28 20 37 25 64 28 42 25 43 4 90 13 88
10 20 93 32 3 32 63 79 64 30 15 71 33 9 24 34 29 79 12 85 76
44 79 85 27 76 90 89 40 61 57 59 54 83 29 16 31 39 26 35 23 32
32 32 1121
1 1 1 1 1 1 2 2 1 1 1 1 1 1 1 1 1 1 1 1 2 1 1 1 1 1 1 1 1 1 1 1
1 1 1 1 1 1 1 1 1 1 1 1 1 1 1 1 1 1 1 1 1 1 1 1 1 1 1 1 1 1 1 1
1 1 2 1 1 1 1 1 1 1 1 1 1 1 1 1 1 1 1 1 2 1 1 1 1 1 1 1 1 2 1 1
1 1 1 1 1 1 1 2 1 2 1 1 1 1 1 1 1 1 1 2 1 1 1 1 1 1 1 1 1 1 1 1
1 1 1 1 1 1 1 1 1 1 1 1 1 1 1 1 2 1 1 1 1 1 1 1 1 1 1 1 1 2 1 2
1 1 1 1 1 1 1 1 1 1 2 1 1 1 1 1 2 1 1 1 1 1 1 1 1 1 1 1 1 1 1 1
1 1 1 1 1 1 1 1 1 1 1 1 1 2 1 1 1 1 1 1 2 1 2 1 2 1 1 1 1 1 1 1
1 1 2 1 1 1 1 2 1 1 1 1 2 1 1 1 1 1 1 1 1 1 1 1 1 1 2 1 1 1 1 1
2 2 1 1 1 1 1 1 1 1 1 1 1 1 1 1 1 1 1 1 1 1 1 1 1 1 1 1 1 1 1 1
1 1 1 1 1 1 1 1 1 1 1 1 1 1 1 1 1 1 1 1 1 1 1 1 1 1 1 1 1 1 1 1
1 1 1 2 1 1 1 1 1 2 1 1 1 1 1 1 1 1 1 1 1 1 1 1 1 1 1 2 1 1 1 1
2 1 1 1 1 1 1 1 1 1 1 1 1 2 1 1 1 1 2 1 1 1 1 1 1 1 1 1 1 1 1 1
2 1 1 1 1 1 1 1 1 1 1 1 2 1 1 1 1 1 1 1 1 1 1 1 2 1 1 2 1 1 1 1
1 1 1 2 1 2 1 1 1 1 1 1 1 1 1 1 1 1 1 1 2 1 1 1 1 1 1 1 1 2 2 1
1 1 2 1 1 1 2 1 1 1 1 1 1 2 1 1 1 2 1 1 1 1 1 1 1 1 2 1 1 1 1 1
1 1 1 1 1 1 2 1 1 1 1 1 1 1 2 1 1 1 1 1 1 1 1 1 1 1 1 1 1 1 2 1
1 1 1 2 1 1 1 1 1 1 1 1 1 1 1 1 1 1 1 1 2 1 1 2 1 1 2 1 1 1 1 1
1 2 1 1 1 1 1 1 2 1 1 1 2 1 1 1 1 1 1 1 1 1 1 1 1 1 2 1 2 1 1 1
1 2 1 1 1 1 1 1 1 1 1 1 1 2 1 1 1 1 2 1 1 1 1 1 1 1 1 1 1 1 1 1
1 1 1 1 1 1 1 1 1 1 1 1 1 1 1 1 2 2 1 1 1 1 1 1 1 1 1 1 1 1 1 1
1 1 1 1 1 1 1 1 1 1 1 1 1 1 1 1 1 1 1 1 1 1 1 1 1 1 1 1 1 1 1 1
1 1 1 2 1 1 1 1 1 1 1 1 1 1 1 1 2 2 1 1 1 1 1 1 1 1 1 2 1 1 1 1
1 2 1 1 2 1 1 1 1 1 1 1 1 1 1 2 1 1 1 1 1 1 1 1 1 1 1 1 1 1 1 1
1 2 1 1 1 1 1 1 1 1 1 1 1 1 2 1 1 2 1 1 1 1 1 1 1 1 1 1 1 1 2 1
2 1 1 1 1 1 1 1 1 1 1 1 1 1 1 2 1 1 1 1 1 1 1 1 1 1 1 1 1 1 1 1
2 2 1 2 2 1 1 1 1 1 1 1 1 1 1 1 2 2 1 1 1 1 1 2 1 1 1 1 1 1 1 1
1 1 1 1 1 1 1 1 1 1 1 1 1 1 1 2 1 1 1 1 1 1 1 1 1 1 1 1 1 1 1 1
2 1 1 1 1 1 1 2 1 2 2 1 1 1 1 2 1 1 1 1 1 1 1 1 1 1 1 1 1 1 1 1
1 1 1 1 1 2 1 1 2 1 1 1 1 1 1 1 1 1 1 1 1 1 1 1 1 1 1 2 1 1 1 1
2 2 1 1 1 1 1 1 1 1 1 1 1 1 2 1 1 1 1 1 1 1 1 1 1 1 1 1 1 1 1 1
1 1 1 1 1 2 1 1 1 1 1 1 1 1 1 1 2 1 1 1 1 1 1 1 1 2 1 1 1 1 1 1
1 1 1 1 1 1 2 1 1 1 1 1 1 1 1 1 1 1 1 1 2 2 1 1 1 1 1 1 1 1 1 1
0 0 0