3 300
120 100 80
3 30
10 20 5
4 1000
100 200 300 400
5 5
2523 8430 3 4199 632
97 9797
9153 9650 9802 9723 9427 9564 9069 9201 9561 9071 9224 9313 9467 9540 9534 9143 9662 9903 9213 9842 9875 9154 9766 9527 9051 9250 9902 9056 9513 9365 9517 9454 9422 9375 9093 9928 9664 9827 9494 9514 9245 9362 9196 9228 9356 9492 9361 9308 9626 9895 9953 9888 9277 9364 9122 9812 9338 9279 9620 9050 9662 9840 9949 9564 9695 9572 9202 9795 9022 9771 9022 9101 9126 9696 9657 9621 9661 9230 9317 9044 9728 9735 9862 9761 9871 9694 9028 9355 9348 9079 9210 9095 9782 9164 9378 9359 9086
95 9690
9186 9924 9790 9507 9587 9354 9326 9332 9979 9666 9922 9337 9785 9785 9515 9201 9353 9111 9297 9262 9698 9339 9323 9508 9968 9740 9287 9533 9417 9349 9015 9966 9643 9869 9797 9631 9153 9055 9147 9427 9642 9646 9816 9968 9959 9949 9031 9853 9281 9771 9573 9639 9808 9942 9405 9578 9113 9194 9091 9188 9068 9261 9472 9083 9405 9868 9260 9009 9672 9994 9507 9830 9628 9825 9009 9983 9384 9464 9010 9531 9770 9447 9563 9219 9725 9487 9745 9957 9332 9803 9447 9749 9384 9698 9981
99 9999
9108 9810 9300 9499 9510 9745 9103 9079 9989 9388 9413 9856 9085 9869 9371 9455 9756 9866 9218 9459 9642 9968 9596 9726 9311 9303 9518 9711 9568 9158 9307 9701 9440 9071 9228 9206 9405 9685 9986 9189 9854 9664 9721 9103 9451 9578 9836 9850 9298 9897 9060 9899 9573 9967 9628 9909 9971 9375 9547 9664 9210 9530 9416 9912 9336 9660 9801 9846 9585 9045 9422 9128 9955 9829 9799 9341 9323 9624 9436 9411 9715 9679 9745 9474 9775 9473 9255 9719 9172 9912 9186 9411 9860 9245 9451 9559 9371 9785 9042
98 9996
9083 9137 9615 9525 9982 9965 9388 9816 9707 9815 9207 9602 9760 9977 9323 9248 9014 9203 9548 9205 9024 9756 9390 9688 9997 9252 9425 9871 9871 9048 9914 9354 9091 9459 9699 9367 9954 9139 9374 9851 9662 9253 9250 9339 9917 9440 9237 9849 9660 9810 9989 9355 9862 9913 9023 9468 9576 9702 9804 9549 9048 9329 9676 9409 9950 9487 9242 9417 9091 9051 9060 9363 9823 9724 9486 9489 9604 9384 9320 9738 9581 9875 9704 9113 9011 9419 9769 9098 9411 9787 9156 9129 9093 9956 9407 9037 9240 9661
95 9975
9613 9472 9244 9613 9201 9258 9198 9765 9856 9865 9430 9942 9631 9869 9118 9786 9235 9629 9475 9726 9423 9452 9112 9457 9968 9113 9376 9761 9364 9766 9356 9650 9746 9115 9914 9287 9786 9622 9578 9901 9402 9374 9717 9010 9590 9453 9285 9970 9309 9240 9663 9296 9944 9232 9298 9107 9738 9575 9576 9345 9064 9894 9232 9545 9448 9311 9548 9552 9683 9577 9201 9832 9296 9789 9164 9589 9164 9147 9787 9637 9414 9687 9596 9841 9694 9215 9436 9012 9499 9923 9050 9829 9396 9923 9965
44 9768
3282 5125 5386 7081 173 961 2940 2506 6355 9186 3983 6697 3335 8351 7448 1356 4689 9333 4093 440 6991 4869 5593 6648 5261 8197 218 9259 2623 7788 9791 1169 1139 5802 9707 1431 9504 581 4321 5103 7512 6456 5129 7095
2 9990
2730 2869
38 9994
9963 6271 6103 69 6429 3297 8937 6100 9709 6445 9604 4993 5302 3073 7376 9090 7950 5961 4362 5888 5787 5393 7286 7376 6784 9733 9950 2950 3315 8071 9810 3191 289 484 9260 7347 2342 3676
92 9568
2183 4594 7642 7143 2549 857 6186 29 9219 3740 9708 6284 6205 7816 5940 1445 6655 5497 7216 1725 5932 1699 7921 6713 2653 8660 808 2245 3977 7153 4631 8415 3935 1712 6681 3487 1410 3786 4535 7330 1273 2886 2742 2196 1050 9571 891 1442 3092 5979 2840 8251 3302 2978 8376 4978 7149 1364 7680 4915 4638 1000 2239 786 4952 4007 8667 1795 3022 2464 231 1764 2450 3224 2800 7966 400 1256 6143 665 3581 4358 8899 4024 1933 966 5117 9519 924 490 1715 1175
91 9464
8425 92 8452 9600 6298 7436 3028 3493 3345 1916 1018 8983 2802 7764 57 1903 3689 5979 5098 4785 941 6727 5112 5935 6946 2618 2621 9836 4373 2645 772 1791 5654 4452 7128 3365 6460 3460 586 4280 7302 4779 1590 3390 3029 4172 2811 3301 3569 7923 2858 4305 3586 7911 4231 6298 4279 8818 7184 2003 5983 1332 7136 1017 9274 5747 198 89 4960 1267 9275 4562 6473 8256 1866 9330 8357 7657 5015 6989 2118 4701 6813 6347 1962 3020 30 7285 1651 231 4361
45 9945
9800 433 9949 629 8051 5504 6943 5823 9383 9053 7199 6473 3034 5649 2177 3423 716 8603 8821 9349 2329 8406 5154 9265 6644 3054 3640 303 7007 5526 5379 1862 8955 7248 6830 9012 681 2051 9287 9980 5636 8806 4190 6329 6834
82 9840
804 360 9745 7974 5461 9827 1727 1703 7084 1164 9100 3668 696 2209 7577 394 8053 5069 5399 775 6153 2579 6056 5830 2831 9576 139 9557 3315 4760 8826 8226 6230 3564 4118 3121 898 8220 3321 8321 9558 8455 2815 3462 314 2455 5209 9806 9846 2457 7731 751 6705 2769 2425 2742 7767 9058 653 3842 4119 6518 8968 9130 1339 5461 4837 348 3760 8398 1134 1292 8192 7867 2578 4842 7290 6452 4491 9686 6921 5767
96 9504
3862 4718 7136 263 284 6834 6367 3314 700 4193 8417 7754 6086 6467 98 4325 4973 8337 3360 3593 6686 4560 6108 9975 8304 8685 1164 5268 732 82 6442 2217 9702 250 2921 4248 8321 7637 2258 2816 8939 1767 8785 4132 9003 6740 2 8527 4506 6522 8168 9950 9390 9043 4101 1283 648 9286 2143 7621 2657 9652 7217 6536 2392 5453 8334 4994 1937 6804 8007 6524 364 1014 6825 9200 6496 202 1442 9396 4192 1871 291 8097 1129 3499 9177 4163 1943 1266 1356 6122 9552 1410 5819 1075
34 9996
3919 8642 497 42 4132 602 7608 3529 5908 2924 3896 5041 8209 9723 2930 3443 237 7416 2916 8221 6459 4762 3374 534 980 585 9108 2691 2969 8360 2407 3393 376 2961
29 9860
4182 8786 6199 5654 729 5149 1914 3593 9331 497 5655 7092 3420 9909 8084 7131 2158 888 7046 9543 647 3232 5375 429 4692 9076 5583 1847 2537
15 525
7763 8196 2205 149 7836 6504 2631 8239 8441 7503 1335 4405 7024 3238 8295
2 4278
7517 3421
96 5472
9318 2463 6956 8357 4213 1447 4293 6136 522 7092 9904 3162 4559 251 4107 5894 9554 4721 3422 1703 2280 93 9696 3006 5706 5442 7658 2537 1904 8323 2718 3551 4335 2386 6159 8508 4606 5586 2839 2479 4737 5774 967 5303 9619 2957 9921 5981 6313 9445 1789 4140 8930 5218 4668 9930 9291 4724 3247 3184 4695 342 3507 2136 5237 9606 159 9127 2172 2874 3168 5208 52 7673 6725 7360 349 22 3550 2164 4342 904 2254 7895 9671 2455 2322 8089 8220 1241 5997 5450 9772 6886 9232 3270
31 4278
4668 7650 5604 9867 4650 5121 6687 3823 3283 3937 8315 8546 8579 322 3651 9619 4673 6079 4181 8832 8853 3453 7596 8017 7590 3242 5555 709 4434 8025 3692
29 2523
9424 4978 4226 696 5760 5702 1599 6180 5716 9132 2167 4935 1208 6081 3082 4763 4416 8730 393 3545 6101 9865 8246 2525 8040 8968 1244 2630 9146
95 8645
8065 5664 9848 6159 7756 8293 1207 4187 1125 9865 6903 329 296 4055 5335 3631 3353 6036 1325 8764 4399 1436 8263 4358 3366 6494 5351 2175 1516 555 2502 3754 9899 3972 4911 9173 7861 3847 9185 4736 4605 4590 9575 7784 735 6907 6847 2542 9431 8079 677 335 516 7436 1951 6172 294 938 5458 7695 4610 6763 6402 1357 9634 6138 7223 8872 8648 4894 5698 7924 7262 6253 3283 5711 3550 7688 9046 2053 3892 2368 8461 9916 8301 6396 248 3109 8109 9622 5536 8184 5803 6651 3423
76 7676
4430 3008 3398 4668 309 8197 6387 9073 5723 1534 4259 1991 6637 6628 9063 833 315 1118 6215 682 1452 2430 5630 6725 8629 8923 1654 7639 3247 2922 6161 5265 170 9919 7032 891 3324 3442 8562 8017 6344 143 7256 5732 1855 3969 1741 123 7384 4133 9725 5487 565 4329 7883 9862 4690 3964 1740 1868 2676 386 6062 1292 3401 9857 4223 2897 870 7236 6983 1562 8399 9068 6618 4727
81 9153
5451 2381 7094 452 7419 9360 5131 184 873 797 4742 3264 3485 3776 2451 1684 8154 2329 1578 4154 5118 9025 9571 1484 6452 4575 8363 4249 8118 9199 5529 6639 9242 6586 5341 4800 8871 9037 5903 622 3512 1000 6449 3894 4361 4717 9449 3700 229 3988 984 4336 811 642 2816 7888 1803 9006 3228 6963 3809 1872 6357 5846 1910 379 7752 2442 7332 2973 84 5210 6603 9024 457 2610 8177 7385 8496 7469 8557
40 9120
3702 6486 1614 8110 9150 2676 737 7061 9021 4498 4997 9389 3645 6460 9297 7229 8621 8815 8058 5757 8667 2225 650 3028 3614 9733 7145 7902 1073 8152 7452 27 9563 4659 9310 8552 2528 9622 6737 1717
14 3808
9000 5724 5667 9868 2336 5768 6542 5508 7953 9771 8624 3079 7758 7557
75 9375
4 6 1 4 6 1 4 2 2 1 5 6 4 3 2 5 3 1 1 5 4 2 4 1 1 4 2 5 4 3 4 6 5 5 1 6 6 1 6 3 3 3 1 1 3 3 4 5 1 1 2 1 3 5 2 5 6 3 1 2 4 2 1 2 3 6 1 3 5 4 4 4 2 1 6
58 3248
1 4 2 4 2 5 3 2 4 4 3 3 1 1 2 3 1 3 6 6 4 2 3 5 3 5 4 6 2 2 1 6 5 5 1 1 3 5 5 4 3 4 5 5 2 2 2 5 6 6 2 1 5 5 1 5 5 1
82 656
2 1 1 1 2 4 5 4 2 3 2 6 4 5 2 6 6 3 6 2 3 2 6 1 3 5 2 5 1 1 1 1 6 5 3 4 2 2 6 3 3 1 2 2 2 4 1 3 3 5 1 1 5 5 4 2 1 3 1 3 3 5 4 1 5 3 6 5 2 2 5 6 2 5 4 2 4 6 3 2 6 5
52 832
6 5 1 6 2 1 5 1 2 1 2 2 5 3 2 5 2 6 4 6 4 5 5 3 5 4 5 1 5 3 6 2 1 3 2 6 2 6 6 3 1 5 6 5 4 3 4 2 4 6 5 5
35 2590
5 5 2 5 6 2 4 1 5 3 3 3 2 5 1 1 2 6 6 3 3 4 5 5 2 5 3 4 5 4 5 4 2 6 3
4 6220
2 3 1 5
77 3850
3 4 5 5 1 2 2 1 4 1 6 1 2 2 2 5 6 4 4 5 2 5 3 5 6 6 3 4 2 3 5 2 2 6 3 4 2 1 5 3 6 6 4 6 3 1 1 5 2 5 4 5 3 1 3 3 1 2 4 1 3 6 4 3 3 3 4 6 6 2 3 2 6 2 6 3 1
38 7752
3 3 6 5 5 1 5 3 3 5 6 5 6 4 5 1 2 4 4 6 5 3 2 5 4 6 2 2 2 1 1 1 4 5 2 1 5 6
40 4040
2 3 5 6 5 3 1 5 6 4 3 6 1 3 5 3 5 6 5 5 1 1 2 4 2 3 2 2 1 4 1 3 5 2 4 4 2 1 6 1
32 128
2 6 6 4 6 3 2 6 1 6 2 1 2 2 6 2 3 5 6 6 2 5 5 6 5 3 3 6 4 4 3 4
2 5204
1311 6940
2 2194
4529 5184
2 3514
5349 6006
8 1280
9186 2578 2001 4522 8294 7268 1839 8161
3 411
1786 4010 3113
6 6582
8813 2021 3092 6213 7514 4033
10 6440
4518 9966 5012 8340 769 1892 174 3572 3985 5798
8 6128
3640 5994 7264 3353 1465 8202 7055 4629
8 6744
8944 3181 5869 6036 7849 7317 4800 3538
3 9735
5387 8405 9356
0 0
