3 300
120 100 80
3 30
10 20 5
4 1000
100 200 300 400
5 5
2523 8430 3 4199 632
96 9984
9877 9895 9170 9217 9417 9621 9036 9170 9298 9882 9106 9681 9705 9475 9343 9209 9046 9297 9975 9460 9136 9747 9921 9576 9452 9415 9548 9430 9989 9267 9666 9371 9155 9101 9899 9416 9540 9988 9328 9222 9297 9944 9529 9799 9560 9727 9881 9188 9877 9462 9961 9134 9723 9164 9504 9801 9514 9897 9876 9048 9785 9573 9091 9084 9440 9598 9218 9300 9646 9390 9906 9036 9700 9307 9493 9012 9825 9266 9003 9877 9514 9563 9502 9684 9368 9930 9734 9956 9843 9506 9046 10000 9581 9101 9184 9310
99 9900
9699 9104 9957 9564 9218 9921 9748 9844 9326 9929 9427 9457 9975 9853 9873 9430 9651 9427 9080 9189 9135 9527 9749 9692 9089 9041 9591 9956 9996 9026 9070 9232 9694 9067 9372 9839 9711 9276 9804 9029 9428 9814 9776 9346 9691 9401 9258 9922 9856 9454 9112 9105 9494 9229 9901 9671 9295 9503 9412 9011 9110 9738 9584 9581 9471 9890 9299 9589 9550 9104 9117 9128 9560 9080 9589 9901 9253 9536 9532 9901 9841 9300 9877 9251 9309 9640 9752 9446 9949 9320 9393 9208 9486 9981 9209 9033 9216 9220 9859
95 9785
9817 9918 9028 9188 9170 9207 9693 9306 9381 9611 9787 9125 9591 9243 9424 9870 9810 9572 9814 9934 9665 9206 9025 9697 9009 9335 9568 9273 9944 9811 9657 9640 9027 9114 9942 9099 9375 9103 9002 9246 9987 9018 9460 9379 9953 9122 9576 9813 9759 9593 9687 9246 9637 9718 9763 9808 9536 9619 9161 9581 9531 9251 9419 9725 9222 9315 9376 9653 9414 9275 9578 9238 9544 9216 9110 9033 9839 9277 9883 9650 9931 9245 9382 9460 9376 9256 9827 9554 9045 9919 9992 9431 9911 9696 9314
100 9800
9638 9328 9699 9459 9248 9356 9444 9753 9694 9765 9373 9278 9027 9808 9393 9492 9430 9452 9821 9175 9912 9695 9159 9022 9393 9966 9132 9636 9090 9861 9683 9528 9048 9497 9874 9712 9401 9771 9623 9378 9350 9781 9917 9503 9799 9436 9269 9736 9084 9968 9347 9557 9196 9594 9376 9554 9610 9101 9649 9056 9416 9304 9677 9170 9637 9570 9062 9219 9556 9672 9453 9527 9993 9694 9137 9824 9264 9097 9493 9944 9638 9499 9948 9930 9973 9316 9786 9101 9605 9048 9293 9953 9934 9301 9739 9504 9155 9228 9534 9823
99 9999
9505 9797 9120 9653 9463 9852 9211 9191 9325 9759 9048 9537 9745 9631 9477 9791 9229 9970 9091 9638 9214 9569 9055 9198 9217 9098 9806 9368 9240 9015 9445 9867 9532 9497 9621 9028 9551 9910 9613 9446 9694 9738 9451 9025 9114 9691 9880 9582 9390 9537 9804 9592 9381 9637 9281 9473 9723 9669 9589 9587 9926 9655 9609 9161 9834 9129 9846 9428 9629 9798 9126 9870 9745 9891 9767 9010 9217 9158 9764 9058 9357 9293 9607 9080 9755 9155 9306 9543 9119 9101 9962 9793 9675 9120 9477 9310 9953 9139 9538
13 9971
2735 5329 7324 8281 4201 4051 9232 1847 258 8205 3074 8449 3165
89 9790
9679 9542 7730 1805 1163 9810 3236 3848 4143 2855 6583 4033 322 6163 2942 1150 2988 8211 5065 2960 3225 2135 7945 2374 7391 8599 4698 1855 2182 6867 3676 8890 6614 4846 1196 7106 5560 8656 5475 5750 7448 7532 3729 9472 6721 1457 5449 5986 8765 7584 1117 4077 6016 5986 7136 2118 3802 4986 5189 9882 7088 9402 2111 4846 1952 7775 846 832 6925 5259 9245 8088 3852 7915 6146 8874 7186 3036 8789 2037 5559 29 486 8224 4943 9107 380 5949 8296
7 9975
7089 9681 8802 8532 4533 3430 6617
67 9648
4840 2653 4185 5452 5148 7421 5311 3255 1429 9968 3706 4001 7110 6418 5109 6416 4740 5759 9432 7648 8006 3823 3020 214 6153 1169 5065 962 2989 1719 4101 930 3648 9501 7435 4768 5507 9227 6782 769 7580 6645 2027 8850 1633 1673 9583 3973 7357 2657 4782 9849 927 2549 6981 1802 3508 6548 593 8476 5141 2687 7756 1600 1402 231 3420
56 9688
3801 1697 5755 968 7444 8805 180 8940 429 1191 4066 9471 2187 7135 8164 7790 405 5577 6591 7860 7154 327 4526 7032 6974 8183 9636 9940 7262 291 5229 4675 5933 5401 7470 6531 6818 3897 940 9129 7836 3542 9710 4505 8649 270 7810 4906 9927 6731 30 6587 6982 1590 7810 6653
22 9966
8112 786 1985 6536 4254 2874 8085 8578 165 8132 5500 6000 6389 3272 7471 2414 5886 915 2334 1391 7971 3026
24 9888
7730 8939 2257 1351 8695 4217 3386 2138 6893 8063 7280 6038 7741 9725 568 1257 9952 6462 8209 924 5301 8140 2273 4973
66 9966
4858 222 3832 8290 7847 5777 1515 1387 4936 4596 5261 4849 9129 1203 9301 337 6378 2005 8103 7717 6196 4679 9217 6642 2167 5923 1307 817 2670 3435 3469 486 6937 8507 8783 1806 1293 1125 486 4409 1124 2933 5942 7109 3800 5075 8847 5700 177 2247 6249 3734 1815 9383 4212 6513 3692 383 4262 7019 5622 2416 7867 7400 9031 8610
52 9932
3600 663 1928 2562 5227 7807 6858 6657 9867 8238 1489 7729 7208 5956 8027 3372 6095 5414 3381 7914 8323 2391 5439 6774 7152 1091 4675 4059 8952 1859 6204 1303 8113 2785 6161 4616 5777 3640 9632 6368 4550 1093 7665 2025 7761 8185 5792 99 4206 2518 9567 3052
33 9933
5485 1976 6044 975 6719 5247 6383 5263 1274 5160 4398 8895 455 5067 9347 7538 3979 330 206 4286 2266 1622 39 2690 4036 6536 9112 901 689 8204 5448 8309 6842
29 725
3428 5837 3129 2426 3121 2492 6773 5169 1505 49 2414 7368 4042 5181 3555 7625 2544 6768 7902 7377 8682 6661 2205 7235 1259 812 4780 7183 6484
61 7564
1812 3899 1978 353 3331 1496 89 103 9703 8073 9162 960 3674 404 7004 477 2303 6993 9672 7910 138 3144 1609 6571 371 4149 8001 743 9815 6082 306 4050 5354 562 7524 6419 9649 3681 9563 7143 4771 4604 4278 4337 4950 4564 5942 8565 2539 7201 8448 8953 8630 4220 7736 8504 9782 232 842 3280 3226
18 3960
9235 8480 8682 299 768 520 6544 8431 4184 8688 3135 3536 438 5915 900 1346 4956 2443
63 3465
565 4118 4262 7750 8160 7072 8819 6779 3261 310 4595 2867 9696 9128 7605 7383 556 5185 2648 2671 1078 1675 3065 9933 9205 7674 8146 5841 5489 784 6526 8305 3274 4291 5187 9937 9201 7920 3930 6305 7942 3929 1687 7575 5336 9948 6415 5491 7499 7533 1366 1120 9287 9209 750 2964 4868 1687 4527 3809 7912 8787 4586
70 3990
3185 6429 2612 1157 1499 2283 5655 6217 9153 2827 9988 9034 639 6226 1173 2663 3128 9455 25 8108 7315 2010 8189 4230 2893 7091 6843 1963 1623 6955 219 9321 5914 2074 3592 7186 1715 4181 3807 7501 7994 8496 446 1839 8160 5780 8643 282 8178 4871 2830 5544 4061 3587 1500 1303 802 3625 75 3532 398 9387 6000 8326 9727 5156 6405 362 3776 6034
83 5395
4397 3693 4173 657 2516 7571 7367 1064 6181 6256 7050 8735 9003 8715 6918 7422 2767 1141 9263 1613 8670 7742 2123 6240 4272 9665 8427 5591 6952 3271 9759 3630 2160 7224 47 821 9439 6930 8331 9858 4274 1844 7737 236 3753 9359 1415 7135 118 9783 6002 3362 8783 8589 8152 8495 9921 1110 3986 3254 8519 8366 7593 5914 9260 2790 1217 8702 5200 8927 8060 3894 7373 4423 7653 3803 3035 1101 9746 8901 7785 4431 7202
67 603
8610 1713 8554 7878 6925 4841 1645 1526 4391 1937 9964 4147 1148 6350 9489 4151 5087 6968 6481 6206 4239 182 6315 253 3529 4958 3868 5690 2957 8060 3089 1597 3803 1993 9649 8741 3778 7474 1755 7419 2111 1989 7376 5929 9944 1532 7109 7292 757 2744 8582 9409 3018 6916 5799 3968 5909 3296 206 4119 2434 4507 5344 4157 6406 1709 7978
2 8598
5352 3815
21 4893
9708 6161 6673 556 1591 2788 6020 6672 5941 6935 3550 6225 2868 2396 6867 6664 6017 2 51 4715 6200
78 9828
7389 4061 1148 1234 4738 4710 5012 2758 6095 807 4207 8954 9707 1094 1308 6663 9855 2593 1119 3886 7137 1372 1071 4170 4693 9633 1239 5249 1510 7615 3169 5371 6750 1172 6713 7755 7712 12 5285 3696 5849 7557 7120 2019 7981 5399 5898 2417 6777 8590 6608 3086 326 6584 9036 960 781 6192 6075 9379 5692 6815 7827 1521 8573 7030 4651 641 914 5263 1057 6491 3828 1514 3592 8960 3897 7482
55 165
2 6 4 6 3 4 6 3 4 6 1 6 5 5 3 6 4 4 5 6 2 6 5 5 2 3 1 2 4 3 2 5 3 6 5 3 6 6 6 5 4 1 1 2 3 2 5 6 4 4 6 4 2 2 1
40 6880
5 1 6 3 3 5 6 1 6 6 1 2 6 6 2 4 5 6 3 2 1 2 2 6 5 4 2 1 2 6 4 4 5 6 2 2 1 2 3 6
99 5544
5 2 4 6 3 4 2 6 6 2 4 3 1 5 2 1 3 1 5 6 2 6 5 2 5 5 6 3 3 5 2 6 4 6 6 2 4 3 2 5 2 6 5 5 6 4 1 1 4 1 6 5 4 3 2 5 4 3 5 6 2 2 1 3 3 2 4 2 5 2 1 5 1 5 5 5 5 5 6 5 4 6 3 1 3 6 4 6 4 2 4 6 1 2 4 3 6 3 3
55 9515
1 2 4 3 2 6 2 5 6 1 1 3 2 2 3 4 3 3 5 2 1 3 4 6 5 1 6 5 4 5 3 5 2 1 4 5 4 2 1 6 3 4 5 4 6 4 4 2 2 4 1 5 3 5 4
49 4557
6 1 5 5 4 5 4 4 3 4 3 1 3 3 6 5 3 2 5 2 4 3 6 4 2 6 4 3 6 3 6 6 2 3 3 5 6 1 4 6 2 3 1 1 3 6 3 1 4
61 4209
5 5 3 4 6 4 6 4 1 1 1 2 1 1 2 1 1 4 1 2 4 6 6 5 5 5 4 3 5 5 2 3 1 5 6 3 2 5 4 6 5 1 5 1 1 4 5 1 2 4 3 4 4 4 5 5 4 1 2 2 1
46 8648
1 2 4 5 3 2 3 2 1 4 3 6 2 2 5 2 2 2 5 4 4 3 6 3 4 5 2 2 3 2 4 5 3 5 1 2 3 6 6 6 3 4 4 4 6 4
67 5427
2 5 1 3 6 4 5 6 1 6 4 2 2 5 1 5 2 4 6 5 1 4 6 5 4 5 4 3 2 5 3 2 3 1 6 6 2 3 5 6 4 5 4 2 6 6 3 3 2 6 5 6 2 6 3 6 4 4 3 3 6 3 5 5 2 3 3
41 7052
4 3 5 2 1 6 3 4 3 1 1 4 1 4 6 5 5 4 3 4 6 3 3 5 3 6 4 5 6 3 4 6 6 5 5 4 2 6 4 1 6
89 1691
5 2 4 6 3 3 2 5 4 2 4 3 6 2 6 2 6 3 6 6 4 4 4 5 1 5 1 2 2 1 1 5 4 4 3 2 2 3 5 2 2 1 5 2 2 4 5 4 3 1 1 6 1 4 3 3 3 6 1 3 6 6 6 6 2 2 5 6 4 1 3 2 4 1 1 4 2 1 1 6 2 4 6 6 5 2 1 5 6
10 310
6971 1417 5068 1155 6560 6218 747 2692 6685 752
2 3906
3723 5098
3 3213
9819 4363 9477
3 6150
1016 5310 6091
5 4995
6904 404 509 8259 9003
5 9085
5631 1553 8375 7244 6162
12 9012
7411 365 7167 6163 8878 7756 1206 4354 8038 4865 3186 8655
8 7008
2431 3655 3729 6585 3714 9866 6806 4355
9 6156
2960 6769 6963 8790 2669 4935 707 4965 8618
12 1032
9314 7397 8688 1485 1614 8031 7176 3956 9362 7711 7185 579
0 0
