2
3 3 5 7
3 3
7 3
7 7
5
1 10 100 10
1 1
100 1
50 20
50 80
51 21
51 1
70
14 24 22 36
27 79
26 25
14 66
48 29
33 70
41 76
68 40
60 32
15 56
1 97
14 76
39 20
39 98
59 44
30 90
18 31
15 80
33 51
86 84
68 81
84 2
47 23
52 84
7 81
35 68
6 87
36 51
31 80
70 52
82 66
16 49
1 46
28 87
99 82
80 81
25 18
63 85
14 25
70 2
23 97
85 69
31 24
77 58
74 46
95 66
36 63
62 25
74 27
38 33
55 95
78 15
31 36
78 80
39 18
70 48
59 94
24 47
61 11
46 1
100 91
24 60
67 65
88 42
80 84
97 46
38 17
13 100
16 12
55 76
58 66
55 23
94
4 21 98 58
4 15
89 22
1 68
63 72
49 63
61 82
30 79
22 62
5 72
48 45
69 43
96 70
98 15
54 76
8 1
30 49
11 27
36 25
75 41
81 32
62 77
35 42
93 99
76 10
13 29
63 39
69 94
6 43
4 60
78 67
85 26
72 24
70 68
55 89
25 15
53 71
18 96
50 5
69 30
8 88
38 33
80 21
62 50
47 15
10 13
92 33
50 59
12 78
8 48
87 36
23 70
75 43
7 24
74 48
3 86
20 85
54 74
33 80
48 36
71 78
27 100
71 53
3 94
22 72
16 68
76 45
89 94
46 54
64 54
9 63
6 41
6 90
12 27
92 35
72 11
21 94
14 50
16 92
89 4
11 92
59 67
45 58
70 13
47 50
3 80
19 41
99 36
86 13
27 56
82 92
77 16
24 68
31 19
99 69
88 98
93
11 8 53 92
34 99
75 61
57 49
38 15
29 37
84 20
83 54
9 55
75 56
87 67
80 18
76 60
7 94
58 88
99 77
100 56
35 34
69 87
23 39
60 62
65 21
94 67
44 20
31 2
52 8
36 9
52 85
20 86
80 89
15 84
88 37
22 47
91 9
26 41
4 67
100 38
33 77
47 75
16 35
10 92
33 40
97 30
1 87
100 92
69 12
95 40
69 100
73 32
3 8
17 16
19 90
39 79
17 40
91 14
26 100
69 99
45 89
99 83
60 14
68 43
24 1
60 94
35 30
3 53
49 4
27 77
60 23
5 22
8 81
96 40
99 87
41 32
47 15
82 45
89 46
28 15
70 17
28 4
24 79
93 64
91 70
46 67
8 92
49 28
25 23
38 35
81 80
8 66
27 57
91 52
34 15
10 20
99 11
53 71
88
22 3 44 72
55 55
95 56
9 59
21 17
67 33
58 41
45 11
41 42
8 80
20 84
81 55
53 29
4 1
53 89
4 70
48 72
43 14
42 33
93 29
87 85
86 35
25 42
84 58
73 77
47 90
24 86
73 83
94 96
67 81
94 3
95 76
79 9
15 32
7 59
62 10
96 57
3 31
98 1
3 48
94 82
100 14
39 31
63 34
98 91
54 47
64 13
19 39
29 54
49 3
70 36
59 44
7 34
44 40
64 88
81 39
53 72
80 20
74 65
3 79
10 16
64 57
45 49
26 42
66 68
74 92
15 19
5 41
55 40
98 26
99 71
59 71
64 1
88 49
43 83
76 34
29 78
87 44
100 97
41 97
83 93
54 39
85 73
2 25
3 61
67 83
75 4
52 55
71 52
31 43
83
29 79 59 85
88 99
7 31
67 25
24 27
57 82
33 54
69 36
19 2
91 68
2 22
6 7
11 25
50 47
47 67
88 64
23 26
66 19
19 80
83 89
8 3
3 92
78 87
64 33
41 95
81 63
1 16
61 14
69 86
34 6
70 22
98 96
7 1
44 35
1 31
49 7
32 76
61 33
67 22
69 73
43 20
21 100
58 27
62 82
26 83
50 9
87 68
91 90
19 76
31 84
98 68
36 30
99 1
79 56
46 59
82 95
37 90
79 48
21 6
29 3
16 32
95 4
31 64
59 35
44 10
80 5
96 64
95 81
82 81
28 39
73 36
56 96
62 29
2 89
59 50
77 2
31 52
15 40
8 20
15 22
33 86
55 36
41 59
63 34
70 66
85
9 55 20 84
5 7
50 43
95 92
84 29
86 62
57 41
56 28
78 55
93 31
68 94
51 31
68 31
89 70
85 23
82 15
30 83
82 48
9 13
38 1
13 2
58 28
9 52
27 36
30 55
78 19
35 82
39 43
33 91
90 77
74 44
75 1
60 63
98 95
64 71
76 13
52 94
40 46
67 83
3 33
1 63
5 38
19 54
59 10
13 95
58 15
92 31
70 32
50 45
86 77
56 21
80 39
2 37
97 91
38 37
66 93
36 95
59 31
30 76
1 21
68 43
64 60
7 9
11 19
24 54
15 79
7 51
51 39
44 45
55 45
88 95
95 13
2 91
84 41
1 36
36 55
38 68
7 24
10 99
80 91
59 7
64 72
54 8
69 1
39 62
62 48
60 66
96
93 76 94 79
23 98
74 9
73 14
47 7
80 87
77 93
84 80
19 19
84 2
5 12
17 45
79 2
8 62
94 77
80 29
11 62
78 3
5 4
21 62
43 73
12 13
91 92
7 84
56 14
55 83
66 14
18 62
50 16
71 15
91 96
10 91
63 29
85 6
50 81
67 49
50 86
44 11
85 36
67 66
77 72
59 45
53 81
67 68
74 50
23 83
82 68
57 49
24 86
9 85
27 87
28 33
95 90
6 5
74 86
25 36
18 50
95 75
7 63
94 74
90 27
37 79
42 81
3 96
56 76
89 38
52 11
30 49
35 58
83 6
68 49
16 23
45 59
52 93
49 58
68 95
81 32
92 88
48 88
79 21
7 88
93 73
15 62
56 65
85 31
39 42
87 21
19 59
24 52
75 58
17 100
50 76
1 12
97 95
74 5
98 13
13 70
72 14
72
1 1 100 100
77 62
76 44
15 14
98 59
23 79
21 60
24 78
91 4
9 65
91 5
19 2
86 55
78 19
67 49
9 92
21 41
57 11
67 24
87 56
81 4
30 76
22 10
31 31
16 15
24 50
18 22
100 13
1 74
53 52
29 75
17 67
61 46
64 39
28 24
62 70
2 73
22 88
56 14
25 72
24 66
11 77
6 60
74 93
93 94
10 100
83 98
48 77
31 84
64 7
72 18
85 88
55 73
74 9
18 4
95 20
9 22
15 62
23 71
82 90
74 43
67 72
6 84
43 17
13 42
65 7
13 2
49 32
12 33
43 70
24 88
8 62
66 10
43 16
89
1 1 100 100
53 68
99 93
51 80
95 78
90 16
44 49
83 52
50 40
21 75
23 63
88 11
71 33
26 27
66 21
24 71
21 8
35 11
3 82
95 21
65 13
98 13
73 42
59 48
8 70
74 67
38 13
14 40
3 49
9 33
16 24
95 83
50 1
68 25
78 67
60 1
60 64
71 69
87 30
5 57
44 52
17 42
89 33
72 91
88 26
86 93
62 93
31 12
19 31
91 91
22 89
11 78
11 56
81 56
90 37
58 35
42 50
72 3
96 94
63 64
48 85
13 89
24 72
63 97
54 79
62 54
27 7
47 56
54 84
18 22
55 4
37 7
81 17
4 57
32 63
88 30
41 28
31 21
26 80
26 83
31 24
65 77
59 93
4 71
10 19
5 70
39 41
52 64
51 10
79 24
79 57
80
50 1 50 100
67 94
55 57
92 75
5 28
3 40
100 59
36 53
66 44
61 81
5 3
44 51
38 87
15 56
82 83
59 83
72 48
51 65
91 36
35 29
25 24
71 19
65 69
38 21
60 99
31 47
99 60
63 6
78 53
57 84
42 7
77 53
72 52
57 37
48 57
12 16
85 2
16 96
90 32
28 75
90 55
94 37
79 48
81 49
86 66
36 90
48 15
3 14
25 91
6 25
57 21
16 90
91 86
79 27
15 78
8 47
1 63
26 100
84 5
12 100
53 78
72 32
32 34
24 71
43 74
23 92
46 99
89 77
34 18
96 50
18 93
37 9
39 32
60 75
84 18
6 14
85 35
46 11
38 24
19 74
60 59
18 5
84
50 1 50 100
68 2
32 97
53 96
27 70
72 61
67 2
46 5
31 69
50 40
87 69
44 89
76 43
35 86
8 13
81 100
99 96
44 62
53 89
76 80
79 98
100 86
26 30
32 16
83 85
85 67
67 85
12 74
9 95
98 43
84 21
45 79
71 9
76 38
48 98
85 30
64 84
6 56
77 18
30 50
16 17
38 71
83 56
58 32
14 53
97 23
6 97
54 92
65 40
36 70
23 37
44 90
94 69
96 99
20 30
9 25
12 71
51 68
46 55
97 28
50 79
29 11
38 15
46 53
34 31
12 90
17 71
91 4
73 27
84 78
42 50
61 60
82 19
5 60
92 56
5 81
65 9
27 51
69 91
76 15
20 63
46 72
54 36
93 52
25 39
41 22
85
50 1 50 100
74 10
62 27
16 9
42 11
68 94
22 6
51 98
3 54
7 52
98 31
63 86
51 95
18 24
5 67
61 22
12 74
73 89
37 40
35 71
54 88
38 83
52 10
87 39
73 46
33 61
89 17
21 68
94 30
39 66
12 8
88 35
72 8
63 47
100 47
47 96
15 81
98 98
76 51
16 20
55 86
70 51
8 7
39 28
25 29
31 82
32 47
44 37
62 5
23 29
87 71
46 62
13 26
64 100
37 80
68 79
74 7
86 79
9 15
47 44
16 47
18 70
46 92
85 96
92 23
78 2
94 83
35 51
63 23
6 86
86 100
51 48
9 93
96 14
78 81
31 75
92 7
26 21
77 29
29 90
97 79
19 3
60 78
67 39
53 5
100 78
21 78
83
50 1 50 100
35 23
74 56
8 45
21 55
48 11
100 95
88 83
89 86
63 21
42 66
37 59
21 20
62 85
23 52
77 74
15 93
54 33
32 81
100 39
94 68
64 1
69 95
23 62
15 54
32 100
44 63
66 29
78 88
39 92
45 80
99 39
36 20
74 63
59 82
8 33
75 51
43 38
21 51
81 2
72 76
34 36
44 4
67 52
27 18
15 10
54 15
71 53
1 27
13 36
66 66
40 94
59 93
26 60
45 54
97 92
7 30
44 16
21 86
98 58
79 90
48 56
3 90
98 98
84 34
12 63
75 75
65 51
22 98
68 40
79 77
7 47
97 13
27 40
18 95
78 71
81 71
51 98
90 80
67 82
3 30
64 66
79 20
85 97
49 64
76
50 1 50 100
31 68
11 38
99 80
62 19
12 61
30 40
55 98
17 77
67 58
90 76
8 8
77 24
37 39
71 55
98 51
81 54
24 4
63 16
88 18
25 26
29 44
3 92
80 1
93 84
21 18
93 44
87 98
14 25
4 92
22 49
99 23
22 64
12 89
94 68
27 10
8 18
32 42
95 77
83 90
63 58
13 48
58 65
54 74
77 45
44 7
51 67
77 80
49 100
37 63
72 11
65 3
65 39
56 85
74 85
85 36
32 30
15 82
46 6
27 31
21 10
10 49
91 84
65 64
80 71
5 28
24 68
16 8
7 6
86 45
72 80
27 22
69 35
19 14
91 40
9 2
100 24
4 34
79
1 50 100 50
57 29
99 68
82 20
94 57
63 19
76 13
88 69
15 38
3 4
35 11
38 68
8 56
99 25
95 17
4 59
55 80
99 9
100 88
53 27
73 92
84 16
37 15
18 68
26 56
48 75
89 94
38 33
79 29
98 44
80 71
53 40
60 40
34 72
35 99
52 62
100 87
40 63
94 34
52 90
99 99
1 43
43 11
75 21
2 23
48 16
63 13
18 45
72 54
91 21
54 63
86 72
76 11
59 93
27 95
8 54
66 41
1 93
27 46
76 92
2 24
70 8
47 52
39 5
11 40
47 40
92 68
45 83
40 46
35 72
11 37
87 8
38 36
91 83
41 58
56 16
9 56
75 94
25 80
33 55
20 71
100
1 50 100 50
53 48
69 80
4 11
15 72
39 99
64 29
77 44
50 80
92 12
42 69
10 47
38 35
24 16
67 18
6 4
65 23
54 11
56 59
100 81
44 82
13 12
43 24
62 1
13 21
58 74
10 29
95 73
94 6
83 38
69 89
6 19
81 20
34 88
27 81
57 51
37 21
37 9
100 41
70 34
68 71
44 74
80 88
38 54
7 98
78 83
31 82
60 54
53 54
21 99
23 97
57 46
39 34
83 76
58 81
66 87
75 6
16 35
46 57
51 72
14 29
42 32
59 46
77 62
62 16
57 79
64 73
14 36
74 34
27 21
83 10
72 85
43 85
34 21
65 88
32 67
93 87
8 98
6 5
8 74
27 19
76 18
6 55
93 24
36 23
33 96
67 39
66 65
36 9
37 28
66 93
5 71
21 100
43 34
11 17
56 80
83 62
8 69
48 79
43 39
81 49
45 79
77
1 50 100 50
46 57
22 49
41 85
14 69
8 31
10 15
85 65
4 99
24 74
91 51
87 63
4 29
38 9
43 16
77 88
13 42
61 90
80 92
37 67
12 37
76 90
45 1
31 2
67 48
6 85
6 50
54 100
47 3
59 24
83 69
71 46
72 28
21 100
97 8
62 23
49 46
13 76
30 98
96 61
63 48
65 38
39 54
3 65
18 43
85 25
60 96
21 44
4 81
17 88
17 15
47 100
8 62
16 94
56 97
84 7
71 41
27 70
57 96
3 35
29 10
74 10
33 100
94 99
51 100
16 93
8 38
27 58
77 23
11 60
7 91
70 13
62 92
100 91
8 10
13 53
40 35
49 56
58 41
70
1 50 100 50
100 39
37 1
89 78
13 74
53 55
15 45
31 33
29 52
9 68
5 59
67 58
47 83
32 47
40 31
95 53
25 25
48 10
59 9
76 83
57 5
56 31
5 49
76 18
61 66
30 73
44 32
37 64
38 14
68 56
80 35
93 10
96 55
46 36
25 28
18 82
43 22
49 47
99 85
77 16
16 85
76 70
34 46
41 29
60 100
82 76
96 77
6 87
95 19
57 99
76 41
27 92
51 10
14 14
25 91
60 94
90 86
15 100
58 100
40 79
59 28
82 67
45 81
37 34
59 13
88 37
4 77
25 78
74 79
37 16
34 57
81 5
74
1 50 100 50
27 16
76 73
55 100
96 97
98 60
80 74
82 22
13 23
6 18
47 36
15 42
18 32
84 81
95 57
35 44
93 19
11 62
94 94
43 86
22 11
71 93
22 79
16 76
49 69
19 11
60 79
2 23
24 78
85 12
54 43
7 14
7 30
72 79
13 81
47 32
73 20
22 78
36 32
49 16
63 93
79 22
54 22
95 60
20 5
6 10
55 65
60 4
45 57
42 4
27 29
93 50
26 62
88 14
54 67
20 48
33 29
17 61
73 84
80 90
70 50
41 40
26 87
2 60
48 42
25 79
8 62
77 45
92 15
66 16
21 7
3 81
55 85
100 28
95 50
43 89
97
50 50 50 50
78 21
39 1
68 61
19 53
50 9
54 63
93 44
6 84
91 5
43 16
76 57
81 73
75 5
17 58
68 73
91 69
92 75
70 48
88 11
59 31
46 76
16 67
37 32
74 38
49 77
27 46
37 77
60 13
27 87
19 40
93 77
23 11
8 9
75 80
43 41
67 77
91 30
48 56
26 32
43 15
6 97
55 76
18 42
30 23
44 83
2 23
84 26
77 56
75 70
99 62
96 91
13 97
61 12
85 3
96 4
77 83
8 48
91 52
53 60
36 49
10 53
47 44
56 3
1 62
2 47
11 47
89 40
15 22
80 79
17 57
90 7
14 59
18 24
44 98
30 72
77 31
2 70
19 14
100 52
41 7
21 76
100 66
92 47
93 97
38 1
89 30
57 17
56 89
56 25
94 45
71 41
99 33
39 11
5 66
87 15
16 57
53 87
64 2
88
50 50 50 50
96 79
63 49
53 90
22 60
77 71
23 99
63 36
37 82
14 48
3 8
28 37
96 75
48 53
56 59
70 7
42 99
53 21
36 11
65 61
85 76
49 10
50 10
22 86
22 65
54 11
92 84
20 18
30 12
93 2
31 23
25 28
18 40
34 33
90 9
56 67
13 17
47 94
20 64
46 29
93 67
69 4
40 81
37 38
26 59
64 34
90 13
10 65
6 4
76 90
56 60
46 72
51 76
31 34
59 45
41 64
73 29
30 48
84 38
79 9
9 55
61 1
79 55
33 70
11 47
4 15
20 67
31 10
6 75
75 44
71 70
16 48
1 62
60 90
48 48
98 49
74 52
51 27
100 64
1 24
69 74
81 65
91 25
75 29
17 98
54 62
54 58
100 19
63 90
33 65
96
50 50 50 50
99 18
54 39
13 43
2 12
100 45
2 15
7 74
32 70
67 56
53 38
29 21
46 98
98 58
8 88
55 43
15 56
97 50
27 89
11 40
21 66
45 19
86 51
1 36
50 17
3 78
58 29
97 18
49 23
20 12
59 59
23 97
78 87
76 80
64 61
7 62
4 92
15 66
39 88
72 30
24 93
58 81
15 93
83 88
5 23
73 62
75 30
81 53
20 11
93 7
100 61
89 70
21 94
85 50
4 63
44 15
28 51
39 69
91 56
60 63
74 86
28 70
86 27
35 18
9 42
10 72
86 41
94 74
6 32
25 42
87 35
98 98
45 12
84 54
81 79
13 97
73 56
20 75
63 2
22 49
95 48
79 7
35 49
1 90
52 66
82 53
19 95
50 9
49 92
63 96
23 38
68 77
33 63
61 43
36 64
18 83
6 97
32 16
77
45 45 55 55
99 72
41 64
78 74
78 83
51 29
27 37
59 46
88 33
69 94
87 48
40 82
51 20
34 30
91 55
13 59
15 83
71 5
74 37
1 93
48 95
39 62
63 99
47 86
2 50
51 99
43 23
39 80
45 67
11 31
10 82
100 3
77 57
74 24
16 43
78 8
67 50
87 12
65 13
78 59
1 91
61 54
76 16
87 9
78 11
35 79
89 84
6 44
94 89
59 8
19 62
31 90
28 7
24 73
38 12
95 52
42 57
60 99
93 65
44 22
4 88
91 81
99 77
16 100
13 100
73 42
30 85
39 79
21 68
7 99
51 55
27 86
39 64
92 64
40 34
73 46
90 67
57 12
86 99
81
45 45 55 55
92 20
45 64
89 45
93 37
84 70
84 30
51 51
11 36
68 32
60 48
15 5
65 80
93 14
55 74
21 11
35 43
54 17
94 31
73 15
69 12
12 73
93 68
16 73
59 8
44 98
57 90
74 61
64 45
15 8
32 93
55 13
60 88
99 36
57 39
5 85
34 21
15 61
98 50
43 54
4 35
83 73
49 14
92 52
85 26
13 57
61 15
91 35
97 26
27 42
48 20
98 11
23 52
41 77
2 36
3 57
79 22
41 90
8 1
49 54
55 31
15 80
69 100
29 14
85 71
2 1
4 91
22 24
41 96
100 47
33 30
28 35
17 15
33 47
77 77
23 35
48 98
95 64
13 100
16 45
7 38
6 42
42 25
80
45 45 55 55
31 35
21 12
50 14
13 5
51 20
90 46
1 29
10 81
82 86
31 59
51 1
21 65
44 83
57 82
22 60
72 37
68 24
93 48
55 92
37 77
54 72
43 66
46 89
66 26
31 53
65 70
99 58
35 32
45 10
60 34
13 94
75 95
81 39
93 35
2 95
73 82
58 21
65 20
96 34
22 21
11 35
83 92
78 89
21 77
49 34
78 30
17 16
11 17
48 43
62 24
100 83
13 10
87 96
80 49
75 91
53 76
30 35
1 37
22 64
93 16
75 69
45 29
36 44
9 86
78 57
98 76
37 62
13 31
99 47
72 44
71 68
47 46
74 17
36 69
90 10
79 49
28 12
57 50
71 36
18 64
4 99
1
30 30 60 60
66 62
58 47
1
30 30 60 60
35 23
42 36
1
30 30 60 60
46 53
74 31
1
30 30 60 60
34 59
53 12
1
30 30 60 60
51 41
53 24
1
30 30 60 60
33 59
24 78
1
30 30 60 60
80 59
31 34
1
30 30 60 60
34 32
6 68
1
30 30 60 60
8 80
35 55
1
30 30 60 60
53 56
38 100
1
10 10 10 10
10 9
11 10
1
16 16 20 20
15 14
21 14
1
16 16 20 20
13 18
18 13
1
16 16 20 20
21 21
20 20
1
16 16 20 20
20 16
21 15
1
53 44 53 100
51 43
51 47
100
100 1 100 1
1 1
100 100
1 2
100 99
2 1
99 100
1 3
100 98
2 2
99 99
3 1
98 100
1 4
100 97
2 3
99 98
3 2
98 99
4 1
97 100
1 5
100 96
2 4
99 97
3 3
98 98
4 2
97 99
5 1
96 100
1 6
100 95
2 5
99 96
3 4
98 97
4 3
97 98
5 2
96 99
6 1
95 100
1 7
100 94
2 6
99 95
3 5
98 96
4 4
97 97
5 3
96 98
6 2
95 99
7 1
94 100
1 8
100 93
2 7
99 94
3 6
98 95
4 5
97 96
5 4
96 97
6 3
95 98
7 2
94 99
8 1
93 100
1 9
100 92
2 8
99 93
3 7
98 94
4 6
97 95
5 5
96 96
6 4
95 97
7 3
94 98
8 2
93 99
9 1
92 100
1 10
100 91
2 9
99 92
3 8
98 93
4 7
97 94
5 6
96 95
6 5
100
7 12 7 12
95 42
68 22
43 97
5 34
32 67
98 32
75 43
18 38
90 100
62 76
49 84
34 2
83 38
61 89
57 56
59 49
48 54
67 53
22 70
66 34
6 56
86 100
56 6
61 7
76 76
59 12
25 93
26 66
84 23
59 89
5 87
49 63
71 91
7 66
85 38
19 60
29 68
58 12
63 80
75 52
43 73
31 12
11 36
20 53
19 84
25 59
89 47
3 52
11 78
43 14
89 57
23 6
15 23
74 93
75 4
61 56
55 19
12 75
96 25
31 2
86 99
90 72
23 84
97 81
85 83
72 9
35 88
47 4
79 25
12 90
22 65
2 67
66 21
21 45
60 39
38 59
39 76
28 42
50 6
69 91
79 90
84 52
49 49
28 83
56 23
86 3
71 25
52 64
14 72
50 85
74 38
25 39
39 38
33 63
80 90
95 50
30 77
84 30
53 13
6 72
39 96
100
1 50 100 50
97 25
88 25
10 91
76 97
55 47
30 50
37 23
83 35
2 42
57 53
35 59
42 19
94 2
71 56
50 34
67 41
46 55
24 85
12 13
22 46
88 49
36 28
63 32
39 16
81 14
26 42
47 90
99 90
50 91
5 36
67 74
5 35
5 87
82 62
38 12
19 96
52 21
1 85
23 52
21 22
2 45
76 19
48 25
48 49
19 23
100 19
54 77
57 36
64 83
63 97
92 61
17 45
60 60
55 55
46 14
82 51
28 14
30 55
59 34
65 31
33 14
78 40
70 89
10 64
63 88
9 53
14 4
74 57
41 19
77 78
3 20
75 39
70 84
16 13
89 70
27 44
57 35
51 92
89 6
7 57
37 74
98 61
51 33
27 54
65 97
92 87
18 48
88 48
92 47
39 34
60 81
79 73
73 55
54 14
18 16
85 70
15 44
56 21
17 12
41 40
15 69
100
72 1 83 100
88 30
11 100
54 41
52 77
93 39
45 76
79 72
94 49
41 54
91 92
29 49
44 57
91 45
25 9
65 46
22 46
44 85
81 83
66 10
55 29
42 97
95 51
79 22
81 60
3 47
47 35
26 92
61 43
83 84
87 95
9 29
86 21
49 31
24 19
96 21
98 23
16 79
44 63
71 70
20 58
40 18
17 54
78 95
8 92
28 84
80 13
17 19
46 93
1 87
27 1
84 1
7 61
98 4
5 77
74 69
25 46
6 18
98 2
82 30
68 61
86 60
14 52
47 97
26 28
97 8
92 4
67 14
64 93
44 14
88 83
84 35
88 26
99 38
60 60
95 14
31 90
52 73
25 87
58 78
62 64
48 37
12 81
5 84
82 86
32 27
19 63
7 97
11 39
3 8
38 79
33 97
52 91
57 86
53 43
25 18
12 3
21 28
95 1
91 46
43 14
9 57
100
1 1 100 100
43 25
77 78
51 39
57 17
89 83
45 7
77 18
84 79
56 89
91 23
17 68
68 15
18 46
92 94
61 82
65 94
51 1
36 69
68 23
42 95
12 66
6 16
81 87
5 73
37 67
32 19
86 7
44 20
77 47
40 31
68 68
70 22
27 96
100 88
54 24
51 9
51 35
38 8
98 37
49 1
41 77
58 75
39 22
74 9
85 82
69 21
49 93
34 27
18 4
16 17
55 12
74 5
68 96
74 69
75 52
72 71
53 8
40 86
74 23
31 75
67 19
89 28
86 42
36 55
22 94
49 42
14 1
19 65
75 66
63 42
23 82
75 67
5 88
55 67
69 52
39 26
32 99
41 74
90 81
58 41
1 18
24 96
70 74
53 60
94 87
84 5
57 7
79 61
24 1
7 95
52 74
96 1
94 3
18 32
16 63
49 57
67 64
35 55
47 1
42 62
64 1
100
100 100 100 100
64 33
82 9
7 19
87 75
41 82
94 18
8 36
82 100
71 88
52 94
40 80
52 40
37 66
61 12
94 7
24 34
27 28
2 92
61 4
18 13
45 79
92 27
24 73
35 4
20 26
77 9
54 67
47 61
53 72
84 75
30 46
80 84
43 28
96 57
39 59
47 49
49 85
10 62
25 93
56 25
93 53
83 41
8 32
97 89
72 5
26 22
89 39
100 10
96 91
11 84
89 1
21 14
38 80
33 89
96 14
27 45
73 75
66 52
42 19
50 89
5 11
75 26
30 56
77 68
31 43
51 10
55 66
68 65
6 1
9 17
83 80
77 30
6 79
32 71
34 75
35 82
87 62
91 10
13 72
94 84
75 94
48 99
9 18
59 42
65 48
32 75
6 69
68 59
48 69
11 69
50 97
38 62
47 21
68 1
4 69
54 99
22 78
35 42
68 36
81 56
53 53
0
