2
3 3 5 7
3 3
7 3
7 7
5
1 10 100 10
1 1
100 1
50 20
50 80
51 21
51 1
70
17 41 98 86
17 97
92 74
57 6
4 66
59 100
94 27
43 87
25 31
88 18
55 84
46 89
88 57
86 52
81 13
15 60
65 26
84 68
27 87
34 9
6 10
14 63
99 80
97 98
60 48
61 36
57 3
30 27
93 37
56 52
96 95
47 26
15 17
21 42
3 42
99 90
24 94
24 57
54 43
11 25
46 71
59 71
85 47
17 31
92 58
14 22
58 50
91 32
44 95
79 4
42 80
68 61
43 68
54 99
87 45
57 53
81 37
71 52
78 32
94 77
57 100
70 6
36 71
27 26
41 83
32 33
88 41
18 87
12 3
57 47
19 82
77 79
81
50 76 100 96
53 66
25 97
1 65
77 64
46 72
54 50
52 96
93 31
97 65
93 46
62 6
41 38
54 40
85 45
31 38
80 45
26 88
73 86
11 15
46 5
81 65
22 20
67 91
10 97
99 72
45 14
50 58
23 42
58 6
85 90
78 27
34 60
93 85
60 87
17 90
11 57
97 82
89 77
98 94
13 49
39 18
51 72
46 25
41 79
16 18
6 90
50 65
86 49
55 53
85 61
58 24
39 75
95 55
71 33
33 94
100 72
17 82
6 54
35 85
3 25
15 13
31 24
75 51
35 71
40 9
64 88
63 25
5 47
48 37
48 96
53 62
21 100
24 44
72 40
15 15
27 75
95 76
5 96
85 63
63 72
46 60
55 66
80
20 3 38 32
74 64
8 78
58 39
3 12
70 38
6 56
100 44
89 67
44 96
14 17
65 99
74 67
72 89
32 37
15 53
80 91
61 3
18 100
99 67
68 53
60 94
44 70
82 85
47 85
38 50
15 7
75 62
42 42
49 4
28 84
16 60
38 87
5 49
17 52
4 64
81 81
19 5
69 74
71 76
80 31
44 49
26 60
92 71
81 100
61 10
31 35
1 27
42 32
44 43
25 3
40 53
70 37
81 75
80 97
9 22
95 6
79 87
67 82
90 41
82 82
89 5
25 79
6 62
27 46
98 91
84 92
80 51
29 84
64 55
9 74
2 57
38 100
50 69
21 10
21 78
20 47
14 73
75 5
75 78
48 27
82 53
90
27 49 44 82
33 20
63 15
1 35
40 71
55 42
35 57
97 87
40 59
35 100
16 16
96 40
66 63
46 40
83 29
63 11
9 94
34 75
47 60
54 14
44 11
6 10
84 11
70 64
24 19
5 74
69 74
57 24
99 37
99 24
55 53
47 96
40 63
37 90
83 10
3 5
3 87
93 52
17 31
7 34
48 48
38 51
31 66
65 78
95 87
69 6
80 48
54 97
39 32
20 68
74 30
52 5
40 81
40 77
91 66
43 69
36 86
39 60
52 43
93 79
43 42
91 32
1 58
48 75
12 72
25 11
8 51
25 9
91 58
24 30
17 9
71 72
21 41
85 99
5 39
67 51
23 4
77 53
96 49
92 98
87 10
69 47
74 44
81 59
81 79
32 11
96 4
12 71
13 29
18 93
40 74
82 3
82
86 13 93 97
31 55
72 56
30 9
5 64
67 1
84 38
52 87
44 48
95 28
5 30
65 29
33 93
12 86
60 41
95 83
91 43
66 77
68 15
65 55
54 28
85 50
44 92
29 21
28 43
81 62
14 76
2 97
37 19
56 13
48 82
68 52
79 5
75 51
80 33
75 95
79 44
47 29
33 90
62 89
80 63
34 32
28 33
14 10
57 92
53 31
88 87
35 3
53 49
67 16
84 11
88 78
68 45
6 57
1 50
46 31
29 67
29 90
6 24
74 28
33 52
1 3
96 50
66 50
13 63
18 25
63 16
21 13
35 43
97 10
65 89
43 63
81 21
42 6
2 43
8 69
8 86
26 51
82 85
86 56
28 85
28 60
76 25
78 64
97
39 10 81 29
25 20
87 26
8 5
65 15
25 2
93 45
70 71
20 68
40 82
39 92
8 26
44 64
7 31
71 4
69 6
88 10
77 86
98 30
34 54
2 17
35 29
41 62
95 39
96 21
76 5
4 87
51 39
44 3
58 64
64 2
67 4
26 14
58 41
98 69
73 18
77 38
11 56
42 15
5 81
20 21
34 15
88 12
15 65
71 88
52 9
66 52
82 95
97 40
47 5
32 46
7 36
73 65
43 87
95 37
78 3
53 87
70 69
81 45
6 68
97 13
85 84
46 18
10 52
88 67
67 78
17 51
31 44
32 7
1 57
32 80
51 71
41 34
70 96
76 58
32 63
26 98
63 37
33 71
3 91
34 74
91 14
1 84
51 18
35 48
55 15
77 34
23 42
67 5
29 91
96 60
79 40
12 6
16 85
72 78
22 77
29 5
2 80
42 23
99
41 12 74 23
54 88
68 85
44 77
92 26
22 91
42 37
63 78
34 54
93 67
74 49
6 91
71 96
27 83
1 52
43 98
97 58
33 86
17 42
79 78
76 30
27 42
100 69
38 57
23 32
31 77
25 21
63 5
32 20
14 81
87 20
92 21
29 30
70 69
88 56
96 1
28 93
99 30
17 18
35 12
58 67
32 41
41 4
66 85
33 81
69 27
19 70
27 91
58 86
65 57
10 14
58 37
69 32
59 47
78 79
27 56
47 99
71 88
38 66
24 98
3 67
90 32
83 74
74 62
39 19
82 55
31 17
85 98
47 44
67 57
98 99
84 28
98 83
81 25
71 21
20 36
53 77
93 19
3 27
22 24
86 42
96 90
52 48
70 64
7 92
7 35
85 71
35 92
12 21
15 98
52 29
4 36
98 25
69 99
58 46
92 62
59 75
50 46
97 60
18 3
33 46
89
1 1 100 100
100 34
84 100
98 21
69 82
54 80
13 91
22 59
51 13
89 47
63 66
95 29
41 61
36 30
97 14
11 28
57 98
71 49
94 84
12 98
49 50
36 40
73 53
77 83
74 58
16 76
51 59
43 3
63 6
100 40
94 65
1 73
28 22
79 7
20 51
15 40
18 2
68 21
11 87
36 26
54 72
1 100
31 50
60 51
66 37
65 78
57 61
24 68
41 39
94 67
58 5
92 66
21 36
49 51
50 66
95 84
74 93
42 95
38 94
99 66
43 23
25 89
37 17
45 10
50 49
100 33
15 73
38 69
71 34
66 70
90 65
78 72
59 82
77 70
8 90
29 64
33 72
72 25
46 27
39 98
42 3
53 54
86 87
10 88
94 48
30 71
64 69
86 67
27 20
91 10
96 2
86
1 1 100 100
64 90
31 3
83 85
66 87
41 90
89 54
40 89
98 100
48 82
84 4
15 99
12 91
76 59
17 27
65 4
49 86
50 5
49 88
92 27
74 41
73 71
45 42
93 57
96 69
15 68
99 56
58 23
32 11
70 75
92 63
95 24
43 99
71 100
36 59
39 94
47 81
25 79
30 8
72 24
68 16
31 63
37 86
11 34
25 74
18 6
89 1
51 58
74 83
21 70
88 30
4 23
16 84
57 21
33 42
90 42
35 55
94 53
27 47
75 49
27 59
18 91
20 29
71 22
13 7
7 84
70 47
87 37
83 59
39 84
8 71
6 8
1 57
31 4
12 46
30 62
73 19
43 28
12 53
65 68
46 94
82 46
66 73
43 32
93 65
8 26
99 91
89 52
90
50 1 50 100
33 22
27 4
92 74
26 50
35 52
33 16
63 34
50 9
25 63
82 20
77 9
53 45
58 19
66 51
43 19
47 26
46 92
93 86
20 24
74 49
62 22
22 74
75 22
49 20
4 46
96 89
51 39
63 27
18 11
88 60
12 18
79 81
39 55
68 7
6 89
36 30
98 55
19 50
39 77
13 93
9 88
5 10
15 78
90 57
15 92
99 8
76 59
18 12
9 57
2 52
8 71
55 41
51 27
61 66
37 36
77 61
37 16
67 53
19 96
5 68
89 22
33 32
87 65
59 48
71 64
34 4
8 53
6 8
83 58
67 37
73 8
5 18
24 93
16 7
20 40
67 38
70 2
42 35
61 29
38 78
57 20
83 87
82 1
88 66
64 8
96 82
26 11
97 8
19 84
68 39
16 82
85
50 1 50 100
41 89
48 39
32 84
22 30
13 62
8 93
74 63
11 87
71 48
74 96
29 20
50 1
35 10
45 49
41 12
37 92
14 63
19 12
38 32
80 86
9 76
64 40
96 74
60 91
30 26
12 25
61 30
72 49
3 53
17 59
7 3
1 12
12 37
39 46
90 29
56 61
100 96
3 22
9 52
80 40
67 8
42 59
42 30
7 71
80 17
64 81
84 32
95 30
100 78
65 30
39 22
100 76
84 59
70 73
60 13
3 27
88 66
92 49
11 24
31 23
66 35
30 72
67 93
93 75
3 51
62 4
45 28
81 50
54 37
57 43
88 88
86 70
23 27
33 92
55 80
80 13
61 41
93 78
36 48
94 2
8 20
1 38
38 60
27 90
36 99
60 80
73
50 1 50 100
22 75
92 91
87 1
4 33
20 69
23 20
40 7
25 38
9 12
37 28
21 59
73 33
11 43
58 88
19 35
92 10
51 11
19 88
89 49
99 41
95 39
65 80
24 8
85 7
18 16
86 35
97 30
18 76
38 34
80 73
91 28
22 45
27 18
93 1
98 77
53 76
53 33
4 20
78 62
9 92
61 7
98 58
64 76
32 79
24 66
1 21
94 58
58 44
18 73
28 86
95 82
5 44
63 29
47 3
2 48
64 64
65 87
45 96
3 27
15 40
57 99
63 80
50 66
57 20
77 86
11 52
67 83
57 54
77 21
18 95
7 75
48 98
97 27
38 60
91
50 1 50 100
58 92
69 75
23 90
97 41
23 56
66 79
47 75
52 38
29 81
17 78
92 73
13 96
70 97
55 59
11 57
41 84
84 60
87 16
4 66
75 89
90 57
1 97
39 81
9 12
22 95
48 7
47 41
69 26
8 92
38 97
98 97
37 77
45 33
86 62
50 88
87 85
71 15
21 56
77 75
58 98
16 39
48 67
7 70
70 98
63 41
10 16
2 28
51 32
58 46
28 6
61 17
100 41
82 1
23 58
50 93
10 98
49 31
40 5
91 74
57 9
67 32
61 69
4 18
50 70
43 82
47 4
54 58
7 52
91 49
8 40
19 45
9 95
83 19
34 22
95 68
36 62
36 2
33 61
7 95
10 100
25 50
6 7
99 36
18 42
98 42
73 29
36 87
90 25
19 57
11 88
53 60
14 52
89
50 1 50 100
34 87
40 20
73 66
25 61
77 84
88 23
56 47
94 94
26 54
29 17
97 12
70 21
62 2
5 35
22 1
88 62
36 50
17 28
66 30
83 38
81 22
74 5
20 28
10 40
76 42
63 31
58 29
32 80
73 86
8 64
23 2
20 73
49 99
34 21
79 81
60 44
100 83
35 19
80 36
20 33
80 30
98 39
51 79
3 29
99 77
98 59
17 19
19 48
66 18
16 6
95 79
83 80
10 19
83 90
38 39
91 23
16 48
54 64
95 13
96 67
94 70
60 28
89 72
96 36
30 52
12 44
76 62
84 81
17 73
27 73
6 71
41 35
43 78
32 56
55 10
6 25
51 56
2 91
55 4
96 73
59 25
41 75
27 45
51 27
29 81
22 38
35 42
28 77
37 76
80 76
82
1 50 100 50
98 52
35 90
41 91
16 49
60 1
86 21
25 80
77 46
44 30
47 12
52 61
58 75
63 34
29 31
13 2
83 15
93 33
73 60
39 11
33 50
15 80
16 51
86 61
59 97
44 82
27 43
24 4
34 48
18 34
72 9
38 46
95 20
57 46
6 63
35 41
75 68
33 94
76 4
48 32
11 52
90 86
87 8
72 26
94 65
23 68
73 96
61 93
30 45
46 84
71 38
51 65
99 37
7 98
55 69
33 61
3 76
77 67
34 33
29 19
98 72
48 82
80 49
61 19
89 74
18 92
1 72
99 30
73 58
75 75
88 95
32 51
14 78
60 80
77 53
58 11
61 86
87 52
48 2
30 16
69 48
89 23
72 1
97 63
91
1 50 100 50
55 44
24 86
69 28
12 61
75 12
90 60
75 45
2 49
32 68
85 81
64 57
5 82
4 88
50 53
81 86
4 19
21 14
15 64
33 16
5 51
50 68
71 78
50 99
45 36
54 76
46 64
91 6
36 80
78 34
65 89
70 33
84 26
50 29
30 62
92 99
87 27
42 14
84 48
4 53
90 94
1 84
33 11
99 11
29 33
68 46
71 60
42 35
86 84
100 69
99 56
49 37
8 77
40 34
1 100
38 8
83 92
77 47
35 17
72 49
16 89
63 20
23 10
44 12
31 5
56 5
1 5
71 9
56 21
26 7
89 31
29 6
66 92
32 6
43 6
12 89
56 68
80 96
75 13
31 69
32 37
93 67
12 96
96 61
53 16
97 65
16 1
57 21
73 21
64 55
45 34
28 8
100 40
97
1 50 100 50
2 20
83 50
35 57
62 32
80 27
54 63
58 99
89 20
91 73
84 55
76 46
27 56
51 26
99 41
74 6
56 44
11 40
14 55
84 91
4 21
21 18
55 73
47 88
81 48
86 82
41 85
8 55
35 16
33 77
10 4
1 44
55 32
2 87
61 72
97 24
37 2
33 36
44 77
8 52
23 80
85 86
9 53
12 94
46 55
21 8
61 22
22 80
58 46
89 85
97 87
10 70
70 70
53 64
70 20
77 31
19 80
47 77
22 4
59 17
10 73
17 22
53 37
75 75
30 27
34 65
57 96
57 21
58 38
96 37
15 5
27 62
73 100
94 99
57 23
46 13
65 50
90 86
29 43
68 95
9 6
94 73
50 97
41 36
85 58
53 39
69 6
4 4
68 8
90 20
92 16
14 75
51 1
88 14
73 49
53 11
37 54
25 16
95 74
86
1 50 100 50
51 91
23 27
41 99
10 56
73 64
96 30
87 35
66 17
80 10
24 35
32 25
37 53
62 36
27 69
33 41
49 82
96 72
23 47
61 24
29 34
9 28
72 36
23 60
79 4
97 42
80 50
50 99
51 37
58 60
50 90
57 10
68 24
54 70
28 50
36 68
74 71
97 47
90 17
73 3
100 4
100 44
3 72
34 44
88 1
79 37
26 65
48 92
57 64
87 15
29 22
38 52
1 73
82 4
37 13
27 42
20 96
52 48
6 26
83 15
1 8
70 48
16 100
65 70
50 16
14 8
98 96
32 92
27 16
36 25
98 19
9 39
34 88
27 4
69 72
19 61
89 52
59 88
95 75
72 94
12 58
10 32
80 55
28 81
94 72
36 21
83 75
25 11
95
1 50 100 50
65 81
46 14
4 10
100 35
83 13
44 20
26 91
80 89
89 96
72 48
47 79
87 50
45 12
38 74
6 13
57 94
68 90
20 75
89 39
38 36
30 80
4 4
90 89
12 80
71 75
96 24
13 8
72 84
16 50
27 33
27 71
61 81
7 82
62 74
60 14
41 67
44 19
2 18
11 77
50 89
44 42
14 89
52 40
7 90
58 47
69 38
26 97
86 74
97 92
79 54
13 57
18 52
7 45
7 13
18 1
11 40
92 34
34 50
14 81
54 2
30 45
78 71
41 71
62 22
35 45
60 58
32 50
78 89
86 55
43 88
21 68
18 69
11 50
95 4
6 60
45 16
2 15
51 95
72 30
17 14
43 30
54 20
6 68
38 56
98 75
27 84
59 77
93 97
8 52
6 63
98 6
53 30
100 38
23 62
23 72
88 89
96
50 50 50 50
44 64
45 57
72 95
33 70
54 48
61 52
51 33
74 33
84 97
36 87
35 80
73 54
75 66
59 99
53 31
75 9
75 98
44 14
84 40
54 35
39 24
17 77
1 60
2 59
28 34
46 58
60 42
35 84
44 6
76 95
25 98
92 5
24 30
45 36
28 98
58 99
90 78
47 79
38 97
29 76
28 36
67 44
53 7
57 12
95 26
61 44
86 44
66 74
35 40
45 53
86 11
85 70
5 42
60 90
12 55
40 24
68 45
23 20
78 6
76 39
53 73
73 65
25 35
52 55
30 35
52 22
1 8
41 26
41 53
26 28
96 62
87 84
87 72
32 93
100 66
89 15
59 52
75 52
11 71
28 79
37 50
55 91
98 2
27 28
12 43
49 96
51 22
28 61
93 54
69 49
86 34
31 64
45 81
33 99
48 12
14 50
74 89
75
50 50 50 50
69 16
34 48
42 12
36 31
76 57
50 36
1 25
60 58
72 68
91 42
73 41
84 81
95 43
45 34
51 73
75 89
53 70
71 81
1 55
45 82
66 62
65 43
87 99
80 49
31 8
97 58
44 83
4 96
82 69
85 69
62 81
11 63
1 60
89 46
54 29
86 5
10 86
34 53
31 36
18 20
54 71
34 51
37 86
80 34
64 8
28 53
43 58
25 78
93 84
49 8
80 56
47 35
97 98
39 74
93 55
60 95
71 88
8 12
62 70
71 91
98 61
99 59
10 49
30 61
75 94
52 52
90 28
71 48
30 38
23 26
21 11
52 68
1 33
52 55
84 42
8 5
77
50 50 50 50
84 18
80 58
59 93
83 3
25 11
68 24
90 2
95 88
95 8
97 24
49 60
3 23
13 73
94 78
72 59
8 37
49 82
36 47
26 34
89 15
63 91
20 13
86 2
27 26
45 48
99 81
100 72
32 6
31 92
24 39
10 75
12 43
71 52
31 32
67 36
7 17
52 87
60 36
18 75
71 22
91 50
99 88
80 81
92 6
85 14
78 100
3 57
46 7
38 86
97 80
1 73
72 34
15 84
52 7
54 21
17 5
3 76
43 37
28 19
52 5
91 75
13 66
33 96
42 4
52 79
70 57
55 21
12 99
41 94
51 76
44 9
70 91
70 32
69 92
44 40
25 17
2 41
71 7
94
45 45 55 55
56 2
44 57
97 97
8 8
31 64
43 38
4 77
49 30
58 9
21 21
62 67
47 62
33 45
8 70
7 50
9 33
13 71
20 58
6 71
22 95
12 74
25 19
61 92
42 94
75 45
36 3
95 95
72 41
81 34
73 25
15 41
31 40
46 55
80 85
49 52
6 49
40 5
21 97
51 57
9 12
24 81
27 38
11 40
47 15
44 51
36 48
13 16
26 74
37 25
66 37
52 58
81 27
91 22
46 49
7 24
20 78
68 89
28 22
2 83
87 37
58 82
17 9
8 7
96 49
7 59
26 38
42 1
74 46
65 28
12 35
71 49
62 30
44 53
89 7
44 56
29 9
22 97
19 50
55 3
7 92
1 35
77 77
33 50
56 22
91 16
15 89
33 40
70 49
98 5
49 73
79 76
29 81
16 76
68 25
100 61
88
45 45 55 55
20 30
68 99
27 31
89 66
35 77
78 53
61 19
78 88
81 2
32 53
84 37
87 81
93 52
13 52
59 78
38 79
56 74
55 82
80 73
83 82
42 60
43 67
84 85
77 88
10 53
56 76
76 92
63 70
4 55
59 76
15 87
69 54
3 27
2 11
59 60
34 73
65 7
40 58
52 58
59 52
13 24
80 41
23 44
74 3
38 10
2 90
24 63
67 34
35 58
31 35
33 79
49 44
98 75
15 83
42 34
6 82
69 88
19 54
36 69
67 98
95 74
49 12
26 46
67 89
10 81
77 59
99 2
38 61
73 70
35 42
85 64
84 76
60 73
6 85
19 19
19 68
91 11
73 73
89 77
61 60
40 40
60 43
23 99
82 34
14 5
10 69
92 70
81 87
83 61
72
45 45 55 55
47 85
5 47
39 50
37 75
93 10
100 84
84 13
56 97
80 61
69 20
14 26
44 5
59 3
13 47
65 16
46 100
73 46
2 72
86 30
47 12
18 11
99 29
71 74
2 67
91 82
77 45
91 89
78 51
56 98
42 27
23 80
20 62
5 66
95 67
86 67
3 52
38 73
95 72
47 99
81 23
76 49
74 91
9 98
21 94
37 86
12 85
74 41
39 6
5 57
74 3
62 28
71 99
37 100
76 11
87 23
89 8
6 79
71 38
89 62
62 7
54 52
45 27
81 56
83 1
29 57
92 2
69 22
58 17
52 7
88 52
4 51
82 10
40 78
1
30 30 60 60
43 49
74 9
1
30 30 60 60
55 34
14 84
1
30 30 60 60
44 52
73 56
1
30 30 60 60
49 24
43 38
1
30 30 60 60
54 40
100 64
1
30 30 60 60
45 40
87 100
1
30 30 60 60
23 100
31 43
1
30 30 60 60
55 42
28 5
1
30 30 60 60
33 89
57 58
1
30 30 60 60
19 6
32 47
1
10 10 10 10
10 9
11 10
1
16 16 20 20
15 14
21 14
1
16 16 20 20
13 18
18 13
1
16 16 20 20
21 21
20 20
1
16 16 20 20
20 16
21 15
1
53 44 53 100
51 43
51 47
100
100 1 100 1
1 1
100 100
1 2
100 99
2 1
99 100
1 3
100 98
2 2
99 99
3 1
98 100
1 4
100 97
2 3
99 98
3 2
98 99
4 1
97 100
1 5
100 96
2 4
99 97
3 3
98 98
4 2
97 99
5 1
96 100
1 6
100 95
2 5
99 96
3 4
98 97
4 3
97 98
5 2
96 99
6 1
95 100
1 7
100 94
2 6
99 95
3 5
98 96
4 4
97 97
5 3
96 98
6 2
95 99
7 1
94 100
1 8
100 93
2 7
99 94
3 6
98 95
4 5
97 96
5 4
96 97
6 3
95 98
7 2
94 99
8 1
93 100
1 9
100 92
2 8
99 93
3 7
98 94
4 6
97 95
5 5
96 96
6 4
95 97
7 3
94 98
8 2
93 99
9 1
92 100
1 10
100 91
2 9
99 92
3 8
98 93
4 7
97 94
5 6
96 95
6 5
100
7 12 7 12
95 42
68 22
43 97
5 34
32 67
98 32
75 43
18 38
90 100
62 76
49 84
34 2
83 38
61 89
57 56
59 49
48 54
67 53
22 70
66 34
6 56
86 100
56 6
61 7
76 76
59 12
25 93
26 66
84 23
59 89
5 87
49 63
71 91
7 66
85 38
19 60
29 68
58 12
63 80
75 52
43 73
31 12
11 36
20 53
19 84
25 59
89 47
3 52
11 78
43 14
89 57
23 6
15 23
74 93
75 4
61 56
55 19
12 75
96 25
31 2
86 99
90 72
23 84
97 81
85 83
72 9
35 88
47 4
79 25
12 90
22 65
2 67
66 21
21 45
60 39
38 59
39 76
28 42
50 6
69 91
79 90
84 52
49 49
28 83
56 23
86 3
71 25
52 64
14 72
50 85
74 38
25 39
39 38
33 63
80 90
95 50
30 77
84 30
53 13
6 72
39 96
100
1 50 100 50
97 25
88 25
10 91
76 97
55 47
30 50
37 23
83 35
2 42
57 53
35 59
42 19
94 2
71 56
50 34
67 41
46 55
24 85
12 13
22 46
88 49
36 28
63 32
39 16
81 14
26 42
47 90
99 90
50 91
5 36
67 74
5 35
5 87
82 62
38 12
19 96
52 21
1 85
23 52
21 22
2 45
76 19
48 25
48 49
19 23
100 19
54 77
57 36
64 83
63 97
92 61
17 45
60 60
55 55
46 14
82 51
28 14
30 55
59 34
65 31
33 14
78 40
70 89
10 64
63 88
9 53
14 4
74 57
41 19
77 78
3 20
75 39
70 84
16 13
89 70
27 44
57 35
51 92
89 6
7 57
37 74
98 61
51 33
27 54
65 97
92 87
18 48
88 48
92 47
39 34
60 81
79 73
73 55
54 14
18 16
85 70
15 44
56 21
17 12
41 40
15 69
100
72 1 83 100
88 30
11 100
54 41
52 77
93 39
45 76
79 72
94 49
41 54
91 92
29 49
44 57
91 45
25 9
65 46
22 46
44 85
81 83
66 10
55 29
42 97
95 51
79 22
81 60
3 47
47 35
26 92
61 43
83 84
87 95
9 29
86 21
49 31
24 19
96 21
98 23
16 79
44 63
71 70
20 58
40 18
17 54
78 95
8 92
28 84
80 13
17 19
46 93
1 87
27 1
84 1
7 61
98 4
5 77
74 69
25 46
6 18
98 2
82 30
68 61
86 60
14 52
47 97
26 28
97 8
92 4
67 14
64 93
44 14
88 83
84 35
88 26
99 38
60 60
95 14
31 90
52 73
25 87
58 78
62 64
48 37
12 81
5 84
82 86
32 27
19 63
7 97
11 39
3 8
38 79
33 97
52 91
57 86
53 43
25 18
12 3
21 28
95 1
91 46
43 14
9 57
100
1 1 100 100
43 25
77 78
51 39
57 17
89 83
45 7
77 18
84 79
56 89
91 23
17 68
68 15
18 46
92 94
61 82
65 94
51 1
36 69
68 23
42 95
12 66
6 16
81 87
5 73
37 67
32 19
86 7
44 20
77 47
40 31
68 68
70 22
27 96
100 88
54 24
51 9
51 35
38 8
98 37
49 1
41 77
58 75
39 22
74 9
85 82
69 21
49 93
34 27
18 4
16 17
55 12
74 5
68 96
74 69
75 52
72 71
53 8
40 86
74 23
31 75
67 19
89 28
86 42
36 55
22 94
49 42
14 1
19 65
75 66
63 42
23 82
75 67
5 88
55 67
69 52
39 26
32 99
41 74
90 81
58 41
1 18
24 96
70 74
53 60
94 87
84 5
57 7
79 61
24 1
7 95
52 74
96 1
94 3
18 32
16 63
49 57
67 64
35 55
47 1
42 62
64 1
100
100 100 100 100
64 33
82 9
7 19
87 75
41 82
94 18
8 36
82 100
71 88
52 94
40 80
52 40
37 66
61 12
94 7
24 34
27 28
2 92
61 4
18 13
45 79
92 27
24 73
35 4
20 26
77 9
54 67
47 61
53 72
84 75
30 46
80 84
43 28
96 57
39 59
47 49
49 85
10 62
25 93
56 25
93 53
83 41
8 32
97 89
72 5
26 22
89 39
100 10
96 91
11 84
89 1
21 14
38 80
33 89
96 14
27 45
73 75
66 52
42 19
50 89
5 11
75 26
30 56
77 68
31 43
51 10
55 66
68 65
6 1
9 17
83 80
77 30
6 79
32 71
34 75
35 82
87 62
91 10
13 72
94 84
75 94
48 99
9 18
59 42
65 48
32 75
6 69
68 59
48 69
11 69
50 97
38 62
47 21
68 1
4 69
54 99
22 78
35 42
68 36
81 56
53 53
0
