2
10000
999999999999999996
194419488600197760
4359110496576
1
899999991
1
25987745567952
15240657790080
1
1099999989
232378726414045954
93185310716039378
100708289490972750
38501521914240
0
1
0
799999992
999999999999997001
2
1515825014400
92112826204751
12486471552
858135
999999999999999999
1
14955884964000
136536696477442806
1
26235402178544
0
6981169554978
1
0
1128802
97491110989555101
1035351418710
1000000000000000000
820060625584972368
24832214765100617
335908632851864
1767057667928064
97367767537802676
951971327872639076
83254148303663920
