2
10000
999999999999999996
335908632851864
92783287949199960
28704682399561301
33984677556960
15890328548640
173107430024323200
18070395856128
7332231010023823
29530201342281815
320493
889182694606491121
1
7106829338880
1099999989
385498004400
0
1359506829621
121561677110016
9410503694715416
52092105528027425
0
403190883158975103
399999996
70564823515620
1160918681400
26359213626702
999999999999999999
812017942847966328
4505981456779992
2
1273879528
1
1
1
264290920187461140
0
0
1000000000000000000
1
899999991
999999999999997001
1907110241192
398964
7
