2
10000
999999999999999996
0
999999999999999999
1574201360160
66203990299696579
0
41511326283520
1099999989
10168516824
0
2
1
13616066734736908
5280403347968
124327104993705324
122068257698707908
1
1
899999991
722713109627626755
242168790416847
53347842707452596
335908632851864
1
1
499999995
0
1000000000000000000
344765348823766890
6357520232
2
336107563008
109862651448
29194630872483158
15198026187414943
13562879604480
7694112798720
27522455405147450
172949631189354977
519536302523306872
4544131142833352
999999999999997001
1485508693725
1
692178548256000
