2
10000
999999999999999996
8
0
201329964183
2
2
970467844599518192
30861730248048
335908632851864
597878216129476699
246689030016
214352899900160
77749977357493452
26080045519768203
0
0
1
34563758389261670
900221161564800
3552968784960
321383047980454993
1099999989
23011022635200
49415040958715445
1
125871408035640
1
18188508155616
999999999999999999
1000000000000000000
999999990
12
699999993
17587540884268637
139441089687401898
14659183521492509
999999999999997001
46818477653760
1
0
7194263393784834
38013590
68760250852132
321225371091804746
121276935100512
