5 2
1 1
1 4
2 2
3 1
3 5
3 1
0 2
1 0
-1 0
3 2
0 2
1 0
-1 0
9 10
8 1
9 19
2 10
1 1
4 17
7 13
3 4
6 13
9 21
14 1
64 6
76 6
-55 2
1 4
-100 0
-80 1
25 4
-28 3
51 5
-2 3
-31 2
-63 1
100 7
32 5
6 1
-29 1
23 2
40 2
-41 1
-100 0
100 3
8 2
11 2
-100 0
-6 2
62 3
45 3
100 4
-55 1
-42 1
6 1
-22 1
-100 0
-40 1
100 3
25 2
42 2
6 2
100 3
-44 1
-23 1
44 2
-100 0
27 2
12 1
-27 2
-9 3
8 3
-63 1
-42 2
25 4
60 5
-72 1
40 4
71 5
100 6
-100 0
4 2
100 2
9 1
-100 0
-6 1
10 1
13 3
-100 0
31 3
-26 2
-7 2
67 4
-64 1
-50 1
100 5
54 4
6 1
20 2
-45 1
100 3
40 2
-27 1
-100 0
4 1
-13 1
100 2
-100 0
3 1
25 8
54 10
13 8
73 9
33 9
29 6
-55 4
76 11
-49 2
-8 4
-41 5
-80 2
-28 3
46 7
-91 1
83 10
0 100
-68 3
100 12
61 8
-24 6
-6 7
-100 0
11 5
-74 1
92 11
25 9
-10 7
79 10
37 7
4 5
-82 2
30 9
-33 3
-100 0
-75 1
-53 2
75 11
9 8
21 6
0 100
-93 1
-70 3
66 9
90 11
52 8
-27 6
-43 5
-14 4
100 12
-57 4
52 10
25 8
91 11
-68 3
-7 7
-77 1
81 10
-100 0
0 100
75 11
-55 4
100 12
5 5
30 9
39 7
23 6
-91 1
51 10
54 8
-80 2
-34 3
-14 4
-40 5
68 9
-24 6
11 8
-55 2
25 7
79 10
-100 0
8 8
-45 5
-73 1
67 9
-51 2
28 9
-29 6
-73 3
25 6
54 8
49 10
-94 1
74 11
40 7
100 12
-85 2
-11 7
90 11
8 5
0 100
-60 4
-30 3
-10 4
25 7
-100 0
-40 5
-12 4
74 11
-25 6
-90 1
-54 4
91 11
10 8
51 10
68 9
39 7
-52 2
23 6
-31 3
30 9
81 10
-74 1
54 8
0 100
-79 2
100 12
-8 7
6 5
-67 3
25 7
-81 2
-8 7
58 8
75 11
52 10
71 9
44 7
-43 5
-26 6
0 100
93 11
11 8
-48 2
31 9
12 5
-6 4
-100 0
-26 3
-91 1
83 10
-72 1
29 6
100 12
-70 3
-57 4
25 9
-100 0
28 9
0 100
64 9
77 10
-43 5
-10 7
19 6
-70 3
-16 4
-76 1
-27 6
89 11
-55 2
-82 2
2 5
-92 1
35 7
50 10
-57 4
8 8
73 11
-35 3
50 8
100 12
25 9
-86 2
-96 1
75 11
80 10
-13 4
-32 3
-100 0
91 11
9 8
22 6
5 5
38 7
30 9
52 10
53 8
67 9
0 100
-59 4
100 12
-28 6
-73 3
-11 7
-52 2
-44 5
-74 1
25 7
57 8
-70 3
-56 4
-8 7
-100 0
82 10
0 100
51 10
-25 6
92 11
74 11
8 5
-52 2
42 7
26 6
-11 4
-41 5
-31 3
-74 1
71 9
-82 2
100 12
30 9
-92 1
10 8
25 7
9 5
91 11
-73 1
100 12
-51 2
41 7
-59 4
-46 5
55 8
9 8
-30 3
-11 7
26 6
68 9
0 100
30 9
-30 6
52 10
-92 1
80 10
-100 0
-10 4
75 11
-71 3
-82 2
13 7
-41 -67
-91 80
58 -31
93 85
57 64
-29 -81
83 76
-36 -65
38 -68
37 -89
-82 32
91 99
47 20
16 2
-77 61
69 48
-53 -7
-65 29
23 73
0 1
-10 -45
78 -22
74 -83
32 -89
60 -89
-40 71
92 29
-85 60
43 -28
44 46
8 5
65 -46
-31 -63
-22 -60
-73 60
60 -13
45 60
61 -10
-44 -29
19 10
-61 48
87 -8
50 -81
-34 -28
98 34
94 3
79 98
-95 45
-85 2
-94 -38
-99 -31
15 98
30 -6
-88 41
95 -47
-52 31
-40 58
70 91
17 -35
18 3
84 85
94 88
-19 0
71 -15
14 99
77 54
2 80
-71 -55
46 34
-49 11
92 -59
74 43
51 -39
-100 -28
15 56
-13 -15
-28 73
-90 -60
22 2
-66 -90
32 -86
-74 39
94 -12
62 82
-3 59
-26 -14
-23 -39
33 87
-88 58
70 11
68 -97
10 -90
23 -28
-29 74
67 -16
34 7
-84 -65
67 17
11 11
57 92
-72 -3
25 5
92 -27
60 -90
-25 -35
48 24
-58 -77
64 34
-99 81
-35 -30
70 84
-59 75
11 -100
57 -28
-22 -67
24 -45
-34 -49
45 51
-5 -8
-22 -40
32 -9
2 -37
61 81
-100 -90
-53 1
45 54
-37 31
17 8
-13 61
81 84
54 55
-97 -73
-60 18
5 69
-58 -37
83 29
-36 52
-34 79
13 84
-15 -75
-61 -63
56 61
-6 -58
16 -41
-91 71
24 7
-68 91
26 55
47 -29
-79 24
20 92
-96 -65
-42 65
26 -27
-60 73
-48 -44
-75 -97
-68 -79
-17 -46
51 65
-86 -58
59 64
-41 -97
-23 69
40 46
29 91
72 3
18 -79
-57 90
-71 -23
18 9
-47 -89
35 70
15 -27
-33 -51
-19 -18
-66 87
-41 -50
27 44
80 66
35 -76
26 65
78 -13
-73 67
12 -81
98 -71
99 -76
-93 78
5 -43
0 0
