11.812559200041266
6.472135954999580
-1
52.202878812480016
400.251277697596663
400.045399879023932
-1
400.045533043026069
-1
400.181807421392250
-1
400.126737026712192
400.045675785848459
400.020180385524895
475.536954511021577
475.479012531047601
475.377215714365263
475.512678011796027
475.378206922792288
475.571721973122578
475.483506703235093
475.572115234447608
475.606412683061137
475.508543627131417
626.702711577406149
540.633177141989677
459.408676118210792
628.606095495812951
617.801682126933429
636.651747826644623
689.628261558975964
606.913714692874237
590.719620056616350
639.525150201987913
