5 2
1 1
1 4
2 2
3 1
3 5
3 1
0 2
1 0
-1 0
3 2
0 2
1 0
-1 0
9 10
8 1
9 19
2 10
1 1
4 17
7 13
3 4
6 13
9 21
4 2
100 2
-100 0
2 1
-5 1
4 1
-2 1
-100 0
6 1
100 2
12 1
-19 2
100 6
-10 3
-43 2
24 4
-59 1
-72 1
61 5
14 3
-100 0
46 4
74 5
4 2
1 1
-2 1
-100 0
100 2
8 2
-65 1
7 2
54 3
-100 0
-43 1
-12 2
100 4
42 3
12 2
-100 0
25 4
54 4
-53 1
-12 2
100 6
61 5
-42 2
78 5
-72 1
-9 3
23 3
8 1
60 3
-13 2
9 2
100 4
-43 1
-61 1
-100 0
42 3
6 1
21 2
44 2
100 3
-100 0
-18 1
-43 1
4 1
12 1
-4 1
-100 0
100 2
4 2
-4 1
3 1
100 2
-100 0
25 10
47 10
-12 7
26 9
-92 1
-29 6
-51 2
43 7
-45 5
-8 4
94 11
6 8
-83 2
58 8
83 10
-100 0
-60 4
70 11
10 5
71 9
-29 3
100 12
0 100
-72 3
27 6
-75 1
25 7
55 10
77 11
-23 6
94 11
-55 4
-50 2
8 5
-10 4
0 100
-80 2
-74 1
25 6
-5 7
70 9
-29 3
100 12
-68 3
83 10
34 9
-100 0
41 7
14 8
-40 5
-91 1
56 8
25 10
-34 3
20 6
-55 2
76 11
-78 2
100 12
65 9
-100 0
15 8
78 10
-77 1
-15 4
-3 7
-65 3
34 9
90 11
54 10
-51 4
36 7
0 100
51 8
-20 6
-36 5
3 5
-90 1
25 8
-34 3
-79 2
12 8
-55 2
4 5
-6 7
52 8
-54 4
37 7
-100 0
-23 6
31 9
0 100
-90 1
66 9
-39 5
-77 1
100 12
21 6
-14 4
74 11
91 11
-67 3
79 10
52 10
25 9
90 11
-100 0
-9 7
51 10
51 8
9 8
-79 2
20 6
-67 3
-75 1
3 5
78 10
75 11
-15 4
-25 6
-90 1
-54 4
-54 2
36 7
-34 3
100 12
0 100
28 9
65 9
-40 5
25 7
3 8
-100 0
-51 2
8 5
-64 4
92 11
-85 2
-74 1
82 10
0 100
56 8
41 7
-16 7
70 9
-51 5
-29 3
23 9
25 6
45 10
69 11
-76 3
-10 4
100 12
-93 1
-34 6
25 10
-32 3
-100 0
7 5
69 9
53 10
-76 1
-91 1
92 11
12 8
100 12
0 100
-81 2
-53 2
32 9
-12 4
-7 7
75 11
81 10
-42 5
40 7
-57 4
55 8
-25 6
-70 3
24 6
25 9
93 11
0 100
-31 3
57 8
51 10
9 5
12 8
-76 1
43 7
-23 6
-80 2
-68 3
-100 0
-39 5
-53 2
27 6
31 9
-91 1
-6 7
-54 4
100 12
73 11
70 9
82 10
-10 4
25 10
11 5
29 6
0 100
84 10
-57 4
73 9
49 10
100 12
93 11
-8 4
-73 1
-93 1
-43 5
7 8
-70 3
-50 2
-82 2
60 8
27 9
-28 3
-100 0
45 7
74 11
-11 7
-28 6
25 10
100 12
-48 2
71 9
-92 1
82 10
-71 3
-72 1
-82 2
44 7
-27 3
-13 7
-30 6
26 9
-46 5
48 10
-7 4
-59 4
28 6
0 100
59 8
92 11
5 8
-100 0
73 11
11 5
7 1
29 -71
27 -59
-49 19
-99 34
82 -92
-65 7
73 -37
25 1
42 -53
100 -7
87 70
84 68
42 -72
46 32
-47 79
-72 -19
91 9
-5 5
10 82
80 91
86 71
-14 8
-85 -32
-90 -23
-21 -8
-12 -27
-79 -59
5 78
-42 91
-8 -20
-59 -93
-32 -100
0 -5
22 10
25 27
-62 -12
15 54
-82 -87
92 -12
96 -2
-62 95
-48 -29
69 82
-80 -89
-1 -62
-94 -54
24 -49
-3 74
-85 52
95 81
-99 -93
-35 96
32 84
6 2
-86 4
-11 43
5 7
-75 58
-33 94
-18 68
-53 -79
-23 -1
22 4
20 38
0 46
-37 100
36 -72
88 41
53 84
-75 -10
12 69
-64 -72
10 -94
5 -28
-44 -5
-5 59
-50 97
-78 86
-61 72
28 35
-41 23
27 -30
-63 -54
79 73
23 -25
11 2
59 55
98 -39
-66 15
-80 -88
-11 -3
56 99
-96 45
54 -64
-68 21
-71 -58
-68 -91
8 2
49 -25
-4 -4
20 99
81 -18
48 34
97 97
-24 -6
77 -65
22 5
-85 -56
93 78
-84 -89
-79 -92
20 26
-73 87
80 -77
5 -100
15 -50
25 20
59 7
87 35
-80 58
23 -1
-33 -25
-33 66
-6 -36
46 -63
50 -30
-4 12
47 -86
68 6
25 8
-12 27
13 38
15 77
9 -64
4 95
-33 -35
-16 38
48 -36
20 63
82 -42
-91 -2
85 -12
-80 -77
39 -93
69 -56
89 -53
-93 -54
77 85
73 80
-39 22
71 -27
-71 68
19 -85
-79 -27
94 72
13 10
67 -96
33 33
12 0
-32 71
-5 -100
-68 -52
-84 46
-71 -10
-90 13
82 44
62 -35
-30 43
16 -96
0 0
