11.812559200041266
6.472135954999580
-1
52.202878812480016
-1
400.020039625645097
400.183803600738315
-1
-1
-1
400.081630927539322
400.046001324348083
400.020161604756709
-1
475.700759500246591
475.402589227401393
475.515576279553102
475.348872275755468
475.469191983449093
475.759391189884752
475.540047143844390
475.575714777105190
475.735195738309756
475.919024038035843
464.737033362928855
617.135710547657936
654.895073705473806
-1
600.803119138785064
629.065241917519415
471.120053301125495
672.907863809530681
638.616751843987458
577.754049945361430
