5 2
1 1
1 4
2 2
3 1
3 5
3 1
0 2
1 0
-1 0
3 2
0 2
1 0
-1 0
9 10
8 1
9 19
2 10
1 1
4 17
7 13
3 4
6 13
9 21
8 2
-41 1
-100 0
60 3
-9 2
14 2
100 4
43 3
-60 1
6 2
-39 1
46 2
-100 0
-26 1
23 2
100 3
12 2
-9 3
-100 0
10 3
-61 1
100 6
26 4
-43 2
62 5
43 4
73 5
-74 1
-25 2
6 1
-31 1
-38 1
35 2
28 2
100 3
-100 0
4 2
1 1
-12 1
100 2
-100 0
10 2
67 4
-65 1
13 3
100 5
-100 0
-27 2
-52 1
56 4
-9 2
32 3
6 2
-30 1
27 2
-41 1
-100 0
36 2
100 3
4 1
100 2
7 1
-3 1
-100 0
4 2
-1 1
6 1
-100 0
100 2
4 1
-100 0
100 2
4 1
-1 1
25 7
-56 4
-75 1
-53 2
-12 4
-100 0
-41 5
53 10
0 100
7 5
83 10
-7 7
42 7
92 11
76 11
-70 3
100 12
-32 3
32 9
12 8
-81 2
57 8
71 9
-25 6
-91 1
25 6
25 10
-56 4
0 100
29 9
43 7
57 8
100 12
-50 2
70 9
10 5
-25 6
49 10
-8 7
27 6
-41 5
82 10
74 11
-28 3
92 11
10 8
-74 1
-8 4
-70 3
-81 2
-91 1
-100 0
25 8
41 7
100 12
0 100
-57 4
-93 1
81 10
-43 5
-75 1
-12 7
-82 2
-28 6
56 8
5 8
91 11
-10 4
-70 3
24 9
46 10
8 5
71 11
-52 2
-100 0
70 9
-30 3
25 6
25 8
13 8
-67 3
23 6
54 8
-53 4
100 12
-100 0
-12 4
67 9
-79 2
0 100
39 7
-5 7
-38 5
6 5
-52 2
-74 1
-90 1
73 11
32 9
90 11
-22 6
52 10
-31 3
79 10
25 9
54 8
79 10
-100 0
7 5
100 12
53 10
-67 3
-23 6
24 6
-54 4
-6 7
-11 4
90 11
-79 2
-75 1
0 100
-39 5
-30 3
40 7
-90 1
67 9
76 11
32 9
12 8
-51 2
25 7
0 100
-91 1
31 9
-39 5
93 11
-20 3
-68 3
-100 0
18 5
85 10
100 12
62 8
51 10
-71 1
-23 6
-6 7
35 6
49 7
0 4
74 9
75 11
-80 2
12 8
-54 4
-45 2
25 7
77 11
-5 7
-31 3
81 10
6 5
0 100
-40 5
-74 1
-81 2
68 9
-70 3
54 8
-56 4
14 8
100 12
-51 2
-23 6
34 9
-100 0
-91 1
-12 4
55 10
39 7
23 6
92 11
25 8
-100 0
31 9
76 11
-81 2
-11 4
-9 7
-70 3
0 100
69 9
-76 1
-31 3
81 10
-43 5
8 5
10 8
91 11
42 7
100 12
-27 6
-53 2
26 6
53 10
-57 4
56 8
-91 1
25 10
-100 0
-91 1
-33 3
0 100
52 8
30 9
-14 4
-45 5
91 11
-53 2
66 9
-11 7
4 5
52 10
100 12
-70 3
37 7
9 8
79 10
-81 2
21 6
-76 1
-29 6
75 11
-58 4
25 7
-57 4
-71 1
-45 2
30 9
0 100
-4 4
75 11
71 9
100 12
-71 3
15 5
82 10
92 11
52 10
-42 5
-83 2
32 6
-100 0
59 8
46 7
-9 7
-24 3
-26 6
9 8
-94 1
24 3
98 -64
78 -2
10 -64
-43 62
58 -61
41 -46
2 -47
10 -59
61 0
-39 -52
-74 85
51 55
70 60
30 -79
97 -93
-52 -81
-83 76
-93 -76
-67 -89
-89 77
89 40
-17 50
-77 -65
-33 93
20 1
58 45
-58 -30
19 -89
-88 -95
-59 -68
46 68
0 32
-28 -41
-76 -60
-80 74
-19 -55
-47 -26
-13 99
6 62
89 -57
61 46
41 18
-32 21
-38 23
50 67
18 7
-91 29
72 -89
-5 8
0 74
-53 8
68 12
19 -22
-47 63
45 25
-33 -32
-62 -47
27 29
46 -89
-16 -32
95 70
-79 -80
39 -33
41 69
16 7
21 -85
-2 -22
76 -27
-6 50
-53 70
1 32
-82 11
-52 -27
7 85
-81 36
-97 93
65 -54
37 74
-56 11
5 12
-25 -86
9 7
92 -17
-68 58
88 -11
-33 -23
-62 -60
-32 -50
-20 86
-25 -82
-1 48
17 5
49 92
61 -22
14 76
-47 51
-79 -94
25 6
44 -69
-69 78
84 88
10 76
62 -44
48 1
82 93
-1 50
57 94
79 5
62 9
8 3
92 31
7 36
37 -36
-28 4
61 -11
98 6
7 19
13 14
6 5
9 14
23 30
56 -21
-77 96
64 17
28 90
12 1
-100 27
43 -18
68 6
63 41
-35 -82
-3 75
84 18
-4 5
36 -95
15 -97
93 -91
17 6
6 2
41 -49
-63 35
63 -84
-55 89
86 24
-44 27
0 0
