11.812559200041266
6.472135954999580
-1
52.202878812480016
-1
-1
-1
400.045096595887230
-1
-1
-1
400.020057740621780
-1
400.020016523206721
475.458322452317191
475.620054560861035
475.584029733066359
475.413265441667534
475.472883000867341
475.661793977695140
475.484610877390594
475.396513954506247
475.502211115277305
475.571698350172994
676.004975161979019
625.942797231139593
633.805685065492753
577.436851186778199
530.217926646921114
623.713352719154614
316.318191080827262
467.750335883448088
580.326588296886257
495.063117944460828
