5 2
1 1
1 4
2 2
3 1
3 5
3 1
0 2
1 0
-1 0
3 2
0 2
1 0
-1 0
9 10
8 1
9 19
2 10
1 1
4 17
7 13
3 4
6 13
9 21
4 2
8 1
-10 1
100 2
-100 0
4 1
100 2
-1 1
5 1
-100 0
12 2
76 5
-100 0
20 3
-20 3
54 5
50 4
15 4
-48 2
-75 1
-56 1
100 6
-17 2
14 2
63 6
55 5
-78 1
-62 1
0 4
2 3
79 6
-28 3
100 7
31 5
29 4
-28 2
-54 2
-100 0
10 2
37 3
14 3
2 2
-64 1
-48 1
56 4
-100 0
100 5
71 4
-27 2
6 1
100 3
-41 1
-21 1
29 2
44 2
-100 0
4 2
-100 0
-3 1
100 2
6 1
8 2
6 2
-100 0
55 3
100 4
-8 2
-45 1
44 3
-58 1
6 2
18 2
-48 1
100 3
45 2
-27 1
-100 0
8 1
-61 1
67 3
-38 1
100 4
-11 2
-100 0
42 3
15 2
25 10
-100 0
12 8
-31 3
-90 1
-76 1
-53 2
75 11
-54 4
-12 4
90 11
53 10
79 10
32 9
23 6
67 9
100 12
39 7
-7 7
-40 5
54 8
-79 2
0 100
-24 6
6 5
-67 3
25 8
72 11
-100 0
26 9
90 11
6 8
79 10
5 5
-52 2
53 8
-74 1
0 100
-13 7
-59 4
38 7
-13 4
22 6
-30 6
48 10
-94 1
-72 3
-45 5
-32 3
100 12
-84 2
67 9
25 10
-73 1
70 9
-48 2
100 12
-26 3
45 7
-67 3
77 11
55 10
81 10
91 11
-5 4
-54 4
-90 1
34 9
-39 5
14 8
14 5
-100 0
58 8
-5 7
-23 6
31 6
0 100
-79 2
25 7
6 5
39 7
-33 3
52 10
-40 5
91 11
0 100
-100 0
-55 4
-69 3
11 8
31 9
23 6
81 10
100 12
-82 2
-13 4
-76 1
-54 2
-24 6
54 8
-94 1
-7 7
74 11
68 9
25 9
-8 4
-27 3
81 10
-100 0
-90 1
14 8
56 8
-37 5
100 12
27 6
42 7
-47 2
-52 4
76 11
33 9
-66 3
-4 7
54 10
-70 1
10 5
69 9
-21 6
-79 2
92 11
0 100
25 7
-32 3
90 11
-12 4
6 5
-81 2
-23 6
0 100
-91 1
23 6
79 10
-68 3
31 9
-53 2
39 7
-76 1
51 10
100 12
-54 4
54 8
-39 5
67 9
-100 0
12 8
-6 7
75 11
25 8
39 7
-90 1
54 8
33 9
6 5
13 8
-76 1
23 6
-13 4
81 10
-33 3
-54 2
-67 3
-100 0
92 11
0 100
54 10
-24 6
100 12
76 11
-6 7
68 9
-54 4
-79 2
-40 5
25 10
77 11
-90 1
-22 6
40 7
14 8
-5 7
54 8
-79 2
79 10
0 100
25 6
8 5
-67 3
-10 4
-75 1
-53 4
55 10
34 9
-100 0
-38 5
100 12
67 9
90 11
-30 3
-52 2
25 8
44 7
9 5
-76 1
92 11
-8 7
59 8
-90 1
-40 5
10 8
30 9
0 100
75 11
52 10
27 6
-54 4
-10 4
-25 6
-79 2
82 10
-31 3
-100 0
100 12
-53 2
-67 3
71 9
25 10
-100 0
-82 2
40 7
82 10
-9 7
-70 3
-57 4
100 12
-55 2
-14 4
49 10
28 9
-34 3
23 6
74 11
9 8
0 100
-92 1
93 11
55 8
69 9
-42 5
-26 6
5 5
-77 1
17 8
77 46
-46 76
91 -77
-73 -32
93 44
99 -89
24 91
1 76
-11 9
-58 -92
58 -45
64 -2
84 -70
31 59
-3 62
-1 41
10 -4
25 2
88 42
-72 -95
-59 -74
-90 -40
-59 -83
-67 -85
64 -38
-6 -59
93 -16
44 62
-30 -92
-65 -3
48 86
-1 8
-8 -17
-70 79
69 24
-84 51
-58 52
38 -84
96 -61
25 5
86 50
-12 77
54 -59
8 3
-47 -39
62 56
31 98
92 71
61 -49
-66 28
48 53
-38 15
3 10
-2 72
-69 1
98 -16
19 10
-10 -5
-81 -33
-13 31
51 67
31 37
-17 -4
88 30
16 -30
4 -37
-57 56
12 73
35 -79
25 18
34 -82
-33 5
-88 25
32 -37
8 -70
66 99
9 6
66 -26
50 -95
-73 51
18 -4
-93 81
3 -62
-37 -92
-83 89
10 -55
22 7
54 -41
89 -58
-36 46
83 40
16 -35
6 100
32 65
6 -76
-85 -49
-57 -92
77 58
54 10
-7 -41
-21 21
57 47
12 58
51 10
-90 -17
-75 -80
-23 18
70 -86
-99 29
14 8
-43 70
-79 46
-100 58
-95 37
100 -88
30 -58
31 89
-30 -48
-11 -83
71 0
-100 51
0 -74
79 -56
-99 47
20 8
21 35
-95 -63
41 32
11 -55
-61 -93
-77 24
42 -82
74 -14
-82 83
-66 -98
52 41
-34 -29
-39 -70
-48 -84
77 96
89 -39
52 70
-65 23
26 83
13 -73
9 3
-85 -6
84 -46
49 -49
79 44
82 84
19 38
-20 -90
-39 -9
23 -91
0 0
