11.812559200041266
6.472135954999580
-1
52.202878812480016
-1
400.020025558858606
-1
-1
-1
400.045606937539787
-1
-1
-1
400.083130227075287
475.486598110462864
475.585148096714647
475.525300316268840
475.377035576386390
475.508066373992563
475.343913270651058
475.358052537432059
475.474856510406369
475.503027548103432
475.508541466014265
623.951138609542113
635.954917907420850
504.345589850842771
-1
558.026198637138123
550.951537907104466
627.745724978322301
606.904477001153282
663.621903723880678
545.972600421169545
