100 4 240
4 1 2 3 1 3 4 4 4 4 2 2 1 1 1 1 2 2 3 1 1 3 1 4 3 4 3 3 2 2 1 3 3 4 1 4 4 4 4 3 2 1 3 4 3 1 4 4 2 3 1 2 1 4 3 4 1 4 4 3 1 4 1 1 2 2 3 1 4 2 4 4 4 4 1 2 1 2 2 4 3 4 3 1 3 4 3 2 4 1 3 3 2 4 3 2 2 1 3 1
2 2 2 4 4 1 1 1 3 2 4 2 2 1 3 1 4 3 3 4 4 1 2 2 2 2 1 2 2 4 2 1 4 2 3 1 4 1 3 3 2 1 1 3 1 1 3 4 2 4 2 1 4 4 4 3 1 1 1 3 2 3 1 3 2 1 3 1 2 2 4 3 4 1 2 2 2 1 2 3 3 1 4 1 3 3 2 1 2 3 3 4 2 2 2 4 2 1 2 4
2 4 3 2 1 2 1 4 2 2 2 4 3 4 3 3 4 3 4 2 1 1 3 4 3 2 4 1 1 3 4 2 2 3 1 3 2 3 2 2 4 3 4 1 3 4 1 1 2 2 2 3 3 1 4 1 3 2 2 2 3 4 2 1 4 3 2 1 4 3 3 2 3 3 4 2 1 1 4 2 3 2 2 2 2 1 1 1 4 2 3 3 3 3 3 3 2 4 1 3
1 1 2 1 3 2 1 4 4 4 1 2 3 1 4 1 2 1 3 2 2 1 2 4 4 1 1 2 3 2 2 1 2 4 3 1 3 3 4 4 2 3 4 1 2 3 4 3 4 1 4 1 4 3 3 2 3 3 3 4 1 2 1 1 3 1 3 2 4 2 1 3 1 4 4 2 3 3 3 2 2 4 2 1 4 2 4 2 3 2 4 4 3 3 2 2 3 2 2 4
1 3 4 1 1 1 3 3 4 1 3 1 3 4 3 3 1 1 2 2 3 3 2 3 4 1 3 4 3 4 1 4 3 2 4 3 2 4 1 3 4 4 3 2 3 1 3 2 1 2 4 4 3 3 1 4 2 2 2 4 1 2 2 4 1 4 2 3 1 3 3 2 4 2 3 3 4 3 3 4 2 3 3 3 2 4 1 2 2 1 2 2 3 1 3 1 4 3 4 4
2 2 2 4 2 1 1 2 4 3 1 1 2 3 1 2 1 3 1 3 4 2 2 2 1 3 4 2 3 3 4 4 2 4 4 4 3 4 3 2 4 1 1 3 1 2 2 1 4 1 4 4 2 2 4 3 2 1 2 4 3 3 4 1 1 2 2 1 2 3 1 3 3 2 3 4 1 1 4 3 2 3 1 4 4 2 2 2 3 2 2 1 2 1 4 2 3 4 3 2
1 3 4 4 3 1 2 2 3 3 3 3 1 3 4 4 3 4 3 1 3 3 4 3 4 4 1 4 3 1 1 4 2 2 3 3 2 2 4 4 4 4 1 2 2 4 4 3 4 3 4 1 2 3 3 4 4 4 1 2 1 2 1 2 2 2 4 2 1 4 4 3 1 1 2 3 3 4 3 1 2 4 2 4 4 2 4 4 3 4 4 4 3 2 1 2 3 2 2 1
3 1 4 3 1 1 4 2 3 2 2 2 1 3 2 1 1 3 2 1 4 4 1 1 3 2 2 1 2 2 1 3 1 1 1 1 2 4 3 3 1 1 2 1 2 2 2 2 4 3 2 2 1 2 3 3 1 4 4 3 3 1 2 1 3 3 2 3 4 4 1 3 1 2 1 1 4 4 3 4 1 3 1 1 2 2 4 4 1 1 4 3 2 3 3 1 2 2 1 3
4 2 2 4 1 2 2 1 4 4 4 4 1 2 1 1 1 1 2 2 2 4 1 2 3 1 4 2 3 4 1 4 4 1 2 3 2 2 3 1 1 4 4 3 4 3 2 2 3 2 2 1 3 1 3 2 2 4 4 3 4 4 1 3 2 1 4 2 1 2 2 3 4 1 2 2 4 3 2 4 4 4 3 2 1 4 1 4 1 4 3 4 2 4 3 3 3 2 1 4
3 4 3 4 4 1 2 1 3 2 2 1 2 4 1 4 1 3 4 4 2 1 2 3 1 2 4 4 2 2 1 3 3 4 1 4 4 2 3 2 2 1 4 1 4 4 2 1 2 2 1 3 1 1 3 3 4 4 1 3 4 1 3 1 4 1 4 2 2 4 4 2 3 3 1 1 2 3 2 4 3 4 4 2 3 1 1 3 1 2 3 2 1 3 2 1 1 1 1 4
3 4 2 4 4 1 2 4 3 1 3 3 3 1 2 2 2 3 4 2 2 2 2 4 2 4 3 4 2 4 3 2 3 2 1 4 2 3 3 1 1 2 3 4 2 3 3 3 2 3 2 4 4 4 2 2 1 2 4 3 1 1 2 1 2 4 3 3 2 1 2 1 4 4 3 3 2 2 4 3 2 2 4 3 3 2 1 4 2 1 4 3 1 1 3 2 2 3 3 1
4 3 2 1 4 4 4 2 3 1 1 1 1 2 1 2 2 4 3 2 1 3 1 1 2 4 3 1 3 2 3 3 1 3 4 4 3 4 1 1 3 4 2 3 4 1 3 1 1 1 4 4 1 2 1 1 1 4 1 4 4 3 3 3 4 1 3 2 3 4 1 1 4 1 3 1 2 3 1 1 4 3 2 2 4 2 2 1 4 3 4 3 1 2 3 3 2 3 1 4
4 2 3 3 3 2 3 4 3 3 3 3 2 4 3 1 1 4 1 2 3 1 4 4 4 2 3 4 1 1 1 4 4 2 4 4 1 4 1 1 1 2 4 3 2 1 1 2 3 3 4 4 2 2 2 1 3 1 4 3 2 1 2 3 2 2 2 3 3 1 3 3 3 2 3 3 2 2 2 4 2 3 2 4 2 2 4 2 1 4 1 1 4 4 3 1 2 4 3 4
3 3 3 4 3 1 2 1 4 2 4 1 1 4 1 1 4 2 4 1 1 1 1 2 1 2 1 1 1 4 1 2 1 4 1 1 3 2 4 1 1 4 3 4 1 3 1 1 2 2 4 1 1 4 2 2 4 1 2 1 2 3 3 1 4 3 2 2 2 4 2 1 3 1 4 2 3 2 2 4 4 3 3 2 4 4 1 3 3 2 1 3 1 3 3 1 1 3 1 4
2 4 2 2 2 3 4 4 1 4 2 1 1 2 1 1 3 4 2 1 4 3 3 1 4 3 1 1 3 1 1 1 4 3 1 3 4 3 4 3 1 4 4 1 2 1 2 1 2 3 1 3 2 1 3 2 1 3 3 2 1 4 4 2 2 4 4 1 2 1 3 1 2 3 1 1 4 1 3 2 2 2 4 3 2 2 1 2 4 2 3 1 1 3 1 4 1 4 4 2
3 1 2 4 3 3 3 3 3 3 1 2 4 3 2 1 3 2 1 4 4 3 1 1 2 2 4 3 1 4 2 1 4 1 4 4 4 1 1 3 4 1 3 2 1 2 3 1 4 1 3 4 2 2 1 4 2 4 2 4 4 3 2 4 4 4 4 3 1 4 3 1 1 4 2 3 1 3 1 2 4 3 4 1 4 3 1 3 2 1 2 3 3 1 4 2 3 3 2 4
4 3 1 3 1 3 4 2 1 4 4 2 3 1 2 4 4 3 1 1 4 4 1 4 3 3 1 2 4 4 1 3 1 2 4 2 4 3 1 1 3 2 3 4 2 4 4 3 2 4 3 3 3 2 1 2 2 4 3 4 2 1 4 4 3 4 3 1 3 4 3 2 4 2 3 1 2 4 3 3 1 1 3 3 2 3 2 3 2 3 2 4 3 2 3 4 4 4 4 2
2 2 1 3 3 3 4 3 2 2 2 3 1 3 3 4 3 4 3 1 1 2 1 2 3 4 3 1 1 2 4 1 3 3 3 2 1 3 1 3 4 1 4 3 1 4 3 1 3 2 2 1 2 1 3 4 2 4 1 4 3 1 1 3 4 4 2 1 3 2 1 1 4 1 1 3 4 4 1 1 2 4 1 3 1 1 1 2 3 1 3 4 4 1 1 2 3 3 2 1
4 2 2 4 3 1 1 4 3 3 2 3 4 1 2 4 3 4 1 4 2 2 3 3 2 3 4 1 4 3 3 4 1 4 1 1 4 3 4 4 2 1 3 2 4 4 4 1 3 4 3 4 1 3 2 2 1 4 4 1 4 4 2 2 1 3 2 1 4 3 3 4 2 3 2 3 2 3 2 4 2 4 2 2 4 4 1 1 2 2 4 2 1 2 3 1 2 1 3 2
1 3 1 2 3 3 2 3 3 3 3 3 3 4 1 3 1 1 4 4 3 2 4 3 2 1 3 2 4 4 4 3 2 4 3 2 1 3 2 2 3 2 4 1 2 4 1 1 1 1 4 1 3 2 2 4 1 2 2 2 2 4 1 4 4 2 4 3 1 3 2 1 4 4 3 4 2 4 2 3 2 3 2 3 4 2 1 4 3 1 3 3 2 1 1 2 4 3 1 3
1 2 4 1 3 4 4 4 4 1 3 1 2 3 4 3 4 3 3 3 4 4 3 2 2 1 2 1 4 4 4 2 3 3 3 1 2 2 1 1 4 1 2 1 3 3 3 1 2 3 4 3 1 1 1 2 4 1 4 4 1 3 2 1 3 1 3 3 1 3 2 2 3 2 2 3 1 1 3 1 2 2 2 1 3 4 3 1 3 1 2 2 2 2 3 1 3 1 3 3
3 4 2 3 3 4 3 2 4 3 1 2 3 1 1 1 2 2 1 3 2 3 2 3 4 2 4 3 4 1 3 2 1 4 2 4 4 1 3 1 4 4 4 3 3 4 1 3 2 3 4 4 2 4 3 3 2 4 4 2 4 3 3 4 3 2 2 2 3 2 1 1 3 2 3 2 1 3 3 3 1 2 3 2 4 1 2 4 4 2 4 4 1 1 3 3 2 4 4 3
4 3 1 1 1 1 4 3 3 1 4 2 1 4 4 3 1 3 1 4 4 1 4 4 2 4 4 3 1 4 4 3 1 2 3 3 4 2 4 4 3 1 1 3 1 1 2 4 1 1 2 4 2 1 3 4 4 2 2 4 2 2 4 1 1 3 4 1 1 4 4 4 2 3 2 3 2 1 4 2 1 1 4 1 3 1 3 1 1 2 2 3 1 2 1 2 2 2 2 2
4 4 3 2 4 3 2 1 2 4 4 4 3 4 3 2 3 4 3 4 4 3 4 3 3 3 1 3 4 4 4 2 3 1 1 3 2 2 4 2 4 2 1 3 4 4 1 3 4 4 2 1 4 3 3 3 4 3 3 1 3 4 4 4 3 2 2 4 3 3 1 2 2 1 2 3 4 4 1 3 3 2 1 1 2 4 2 1 3 3 3 2 1 4 2 3 3 1 3 2
1 4 3 3 4 1 4 3 3 4 2 4 2 4 2 3 4 2 3 4 2 1 1 1 2 1 4 1 2 3 3 4 4 4 4 1 3 2 1 2 2 1 2 2 2 1 1 3 3 1 1 1 3 2 1 3 1 1 2 2 3 4 1 3 4 1 1 2 3 3 1 4 3 2 2 4 1 1 2 3 3 4 3 3 2 4 3 1 3 4 3 1 4 3 1 1 4 4 3 2
4 2 3 3 2 3 4 3 4 3 2 3 4 1 4 2 4 2 1 4 1 2 3 4 3 1 1 2 4 3 4 4 4 1 3 2 2 4 3 1 2 2 3 2 1 4 2 2 3 1 4 4 4 4 3 1 1 3 4 2 2 4 2 4 4 1 2 4 1 3 2 2 3 2 3 1 2 1 4 2 2 2 1 4 4 1 1 3 4 2 2 4 3 1 3 3 4 3 2 1
3 2 3 4 3 1 1 3 1 3 3 3 4 2 2 2 3 4 4 1 4 3 2 3 2 4 2 1 3 3 4 4 1 2 3 4 4 1 3 3 1 1 3 1 1 4 1 3 4 1 1 2 4 3 4 1 2 3 1 4 4 2 3 2 3 4 4 2 4 1 2 1 1 4 3 2 2 1 3 2 1 1 4 1 2 3 4 2 4 3 2 1 3 1 2 4 1 4 3 2
2 4 2 1 3 2 3 2 2 1 1 3 4 1 3 3 4 2 2 2 1 2 3 2 2 4 1 2 3 3 4 4 3 3 3 4 2 3 3 4 4 1 3 1 2 3 4 2 3 4 3 1 4 1 4 3 1 3 1 4 1 3 4 4 4 4 3 1 1 4 2 1 3 3 1 2 3 2 2 3 1 2 4 1 1 1 1 2 2 4 4 1 4 3 2 3 3 1 3 4
1 4 1 4 4 3 1 2 4 4 1 3 4 2 1 1 2 2 2 1 1 3 3 2 2 4 4 3 2 3 1 4 3 1 4 4 3 4 3 1 2 2 1 1 4 1 2 1 3 1 4 1 1 4 2 1 1 1 1 2 1 3 2 3 4 1 4 4 2 3 4 1 3 2 2 3 4 3 1 2 2 4 2 4 3 4 3 2 1 4 4 2 1 2 2 1 4 1 4 3
4 3 1 4 4 3 1 1 1 2 3 3 4 3 4 4 4 3 1 3 4 2 4 1 4 3 1 3 4 4 2 1 1 4 2 4 4 1 3 4 4 3 3 2 3 1 4 2 2 4 3 3 1 1 3 3 2 1 4 3 1 1 1 3 3 3 4 3 1 3 3 1 4 2 1 4 1 3 3 1 1 4 3 3 2 4 1 3 4 2 1 3 3 2 3 4 2 1 3 2
3 3 3 1 4 2 2 3 3 2 1 3 1 3 1 3 2 3 1 4 1 1 1 2 1 1 4 2 4 2 4 2 3 4 2 3 4 1 2 2 3 1 4 3 3 1 3 1 1 2 1 3 3 2 4 4 4 3 1 3 1 4 3 1 1 2 1 3 1 3 4 1 1 2 1 3 1 4 3 4 2 4 1 4 1 3 2 3 1 4 2 3 3 3 3 3 2 3 2 2
4 3 1 1 1 4 2 2 3 4 2 1 4 3 3 2 1 3 1 4 2 1 4 3 1 3 3 2 2 2 3 2 3 2 2 2 1 2 4 3 2 2 4 4 4 4 4 4 3 3 1 4 3 3 3 4 4 1 4 1 3 1 1 3 4 4 1 2 1 4 1 3 4 1 1 3 1 3 3 2 2 3 4 4 4 4 2 1 2 2 3 4 1 4 4 2 2 4 1 2
4 2 4 3 4 1 3 3 4 2 2 1 1 4 4 3 2 2 4 3 4 4 1 1 4 3 3 4 2 2 3 4 1 4 1 1 4 4 3 4 4 3 3 1 1 4 1 4 1 3 4 3 4 2 2 1 4 1 3 1 4 1 1 1 1 1 3 3 1 2 4 1 1 2 1 2 1 1 1 4 4 1 2 1 4 1 2 1 4 2 4 4 3 2 3 3 4 2 1 1
4 3 1 4 2 4 2 4 1 1 2 1 4 2 2 4 3 4 4 2 4 1 2 2 2 3 3 4 2 3 1 2 4 4 4 1 4 3 3 1 1 3 4 1 4 1 4 4 4 1 2 3 2 4 2 2 2 4 3 4 3 3 1 1 4 3 1 2 4 3 3 1 1 1 2 4 4 1 4 1 4 2 2 4 4 1 1 2 2 1 2 4 3 3 3 3 1 3 1 2
1 2 1 2 3 4 1 4 4 2 3 3 2 1 1 3 1 1 1 4 3 2 1 1 4 4 1 2 4 4 3 1 3 2 4 1 1 4 4 3 2 3 1 2 3 2 4 3 2 1 3 2 3 4 1 3 4 4 3 1 1 3 3 1 4 4 1 1 3 3 3 2 1 3 2 3 4 4 1 1 2 1 1 4 3 3 3 4 1 3 2 2 2 4 3 2 1 4 2 2
1 2 1 3 4 2 1 1 4 2 3 4 3 3 3 2 3 4 3 3 4 2 2 3 2 1 1 2 4 4 2 2 1 1 4 2 3 3 3 3 1 1 1 2 1 1 1 4 4 4 1 1 1 1 2 2 4 1 3 3 2 2 3 4 3 4 1 3 1 3 2 1 1 3 4 4 1 2 2 2 3 2 1 1 4 3 2 1 1 1 2 3 2 4 4 3 2 4 1 4
3 1 2 2 3 2 3 4 2 3 1 4 3 1 4 1 4 3 4 3 3 2 2 1 4 1 3 4 2 2 1 3 1 2 4 3 3 4 2 3 3 3 1 3 2 3 4 1 1 2 3 4 4 2 2 2 1 2 1 4 2 4 4 4 2 2 2 2 4 1 3 3 4 4 2 3 4 2 3 1 2 1 1 1 3 4 4 2 4 3 2 3 2 3 3 2 1 3 3 1
2 4 2 1 2 4 3 1 3 1 2 2 2 1 4 1 3 2 4 2 3 1 2 2 2 1 4 2 4 4 3 3 4 1 1 2 4 3 2 2 4 3 2 4 4 1 4 1 1 4 3 3 2 1 2 3 4 2 4 1 1 4 1 3 4 2 2 3 4 3 3 2 3 3 2 4 3 4 2 2 4 2 1 2 4 1 2 1 4 4 1 3 3 1 1 3 3 1 1 4
4 1 1 1 2 2 1 3 3 3 1 3 4 3 3 1 3 1 3 1 1 3 4 1 2 1 4 3 4 2 1 4 4 2 1 3 1 1 4 1 2 4 3 2 3 2 2 3 2 3 4 3 3 2 4 1 3 1 3 1 4 1 2 3 1 2 2 3 4 2 4 2 2 3 3 3 1 3 4 2 4 4 2 4 4 4 2 3 2 3 4 2 1 2 4 1 4 2 4 1
1 3 1 1 4 4 3 4 4 4 4 1 4 3 3 4 3 2 1 1 3 3 3 2 2 1 3 2 1 2 2 3 2 4 3 3 2 3 3 1 4 2 3 4 4 2 3 4 1 3 1 3 4 3 2 1 1 2 2 2 1 1 2 4 4 4 1 3 3 2 3 3 2 4 4 2 4 2 3 1 4 1 1 4 1 4 1 4 1 1 2 1 1 3 4 4 4 4 1 2
3 1 3 4 1 1 3 4 1 4 1 4 2 4 2 4 1 2 3 4 4 2 3 2 3 4 3 3 3 4 4 3 2 2 4 1 2 3 1 4 1 2 3 2 2 2 1 2 2 3 1 1 4 4 3 2 3 3 2 2 2 4 1 4 3 1 1 2 2 1 2 2 3 4 2 2 2 4 3 2 4 2 2 3 1 3 2 4 3 4 1 2 4 2 2 4 4 4 2 3
1 2 3 1 4 1 3 3 2 2 2 3 3 2 2 3 1 1 2 1 1 3 1 4 2 4 1 3 3 4 3 2 4 4 3 1 2 4 4 2 4 4 4 2 3 4 2 2 4 4 3 1 4 1 3 1 1 3 4 2 4 1 1 2 4 1 4 2 3 3 2 1 2 3 2 2 3 4 4 1 3 4 1 4 1 3 1 3 3 3 3 2 1 4 4 2 2 2 1 4
4 3 2 2 2 4 4 1 4 3 1 4 1 4 1 3 3 1 3 2 1 1 1 3 2 4 3 3 3 1 4 1 3 1 2 3 3 2 2 3 4 3 4 3 2 3 3 3 1 1 1 1 3 2 4 2 2 3 1 4 1 1 1 3 3 2 2 4 4 2 3 2 2 1 4 1 3 2 3 2 3 1 1 3 4 2 2 1 2 3 1 2 1 4 1 3 2 2 3 4
3 1 4 3 1 4 4 4 1 3 1 2 4 3 3 3 4 3 4 2 1 2 3 3 1 1 4 4 2 1 1 3 2 2 4 4 4 4 2 1 1 2 2 1 2 2 3 4 2 1 1 3 3 3 3 4 4 3 1 1 2 1 4 3 3 4 1 4 4 2 3 1 4 1 4 2 1 3 2 4 3 3 1 1 1 4 1 1 1 2 4 3 2 4 1 2 2 2 1 4
4 2 4 3 4 1 2 4 2 4 1 2 2 4 4 2 2 3 3 4 1 2 4 1 1 1 3 1 4 4 2 2 1 2 2 1 2 3 4 1 4 4 4 3 3 4 4 2 3 4 1 4 3 4 4 2 2 4 2 2 4 4 1 1 2 2 3 2 3 3 3 4 4 3 2 3 2 1 2 3 3 3 2 4 2 4 4 2 2 4 1 4 4 2 2 1 4 2 1 1
3 3 4 4 4 1 3 3 3 2 3 3 3 4 3 2 3 1 3 2 1 2 3 4 4 4 2 1 3 1 4 4 1 3 4 4 2 4 3 1 1 2 3 3 3 2 4 4 2 1 2 1 2 1 1 3 4 3 4 2 3 2 1 2 1 1 2 4 3 1 2 4 4 4 4 1 3 4 4 3 4 2 3 2 1 3 4 1 3 4 1 3 4 1 2 1 1 1 4 1
1 4 3 1 3 4 1 2 3 2 3 1 2 1 2 4 1 1 1 2 2 3 3 1 1 3 4 1 1 1 2 3 1 2 2 1 1 2 2 4 1 2 3 4 3 4 2 1 3 1 4 4 2 2 1 3 3 4 2 1 3 4 1 4 2 1 1 2 4 3 3 3 2 1 2 4 3 3 2 2 3 2 2 1 1 4 2 2 3 1 3 4 3 1 1 3 1 2 4 3
2 1 1 1 1 4 1 1 1 3 1 3 2 3 3 2 1 4 3 4 2 1 3 3 4 4 2 2 3 3 3 4 2 1 3 1 4 3 2 3 2 1 4 4 4 1 4 1 1 2 2 3 4 3 2 4 1 3 2 1 3 3 1 4 4 1 2 2 3 2 4 2 3 2 3 4 2 1 4 2 1 1 4 3 3 1 3 4 3 2 3 3 3 1 2 3 2 2 2 1
1 1 4 3 2 4 2 3 2 2 3 4 2 4 3 4 1 3 1 1 2 4 1 4 2 4 4 3 1 1 3 1 3 2 3 3 2 1 2 2 2 4 3 4 2 3 2 1 2 4 2 3 2 2 2 3 4 2 1 4 3 1 3 4 4 4 4 3 1 4 2 2 3 3 3 1 2 3 4 1 1 4 3 1 2 1 3 1 2 3 3 3 1 4 3 4 1 3 4 1
1 2 1 2 1 3 3 1 3 4 4 2 1 4 1 3 1 4 1 4 3 3 3 4 3 1 1 1 2 4 4 1 1 1 3 1 1 2 4 4 4 4 3 4 3 1 2 1 1 2 2 1 3 2 2 2 1 3 3 4 2 1 1 2 1 3 4 2 4 4 2 3 2 3 1 4 1 2 2 3 3 3 4 3 2 2 4 3 3 1 4 1 4 2 4 2 3 4 2 3
1 2 4 2 4 1 4 1 1 2 3 3 3 1 3 4 2 4 2 4 2 2 4 3 3 4 1 2 3 4 2 2 4 3 3 2 3 1 2 4 4 4 4 4 1 4 4 3 2 4 2 4 1 2 2 2 4 2 4 4 2 1 2 1 2 1 1 1 2 2 3 2 3 2 1 2 4 1 4 1 1 2 4 4 1 4 4 4 4 3 2 3 4 4 2 4 1 4 2 4
3 1 2 3 1 4 4 2 4 2 1 1 4 4 2 3 4 3 2 4 2 2 3 4 2 4 1 3 2 2 1 3 4 1 1 3 4 4 2 4 3 1 3 1 2 3 4 4 1 4 4 3 3 2 2 1 1 3 1 2 3 4 2 1 3 2 1 2 1 2 2 4 1 2 4 1 1 3 1 4 4 3 1 4 4 1 3 4 3 3 1 1 2 3 2 2 3 2 2 4
3 2 1 3 2 3 2 2 3 4 3 3 2 4 2 4 2 1 2 1 4 3 1 1 1 3 4 2 2 3 3 1 3 3 2 1 1 4 1 2 3 1 1 1 3 2 3 3 1 2 4 4 2 4 2 1 3 3 2 3 1 1 2 1 4 2 1 4 1 4 4 2 3 2 4 2 3 2 2 2 2 1 4 4 2 4 2 1 4 3 3 2 1 2 2 1 4 2 1 1
4 3 1 4 4 1 4 3 3 2 1 4 3 2 3 1 2 1 4 1 4 2 2 3 1 1 1 2 3 3 2 1 3 1 1 3 3 1 1 4 1 3 4 3 3 2 1 2 1 3 3 1 1 2 2 1 2 3 4 2 3 2 1 4 4 3 1 2 1 3 2 3 4 2 3 2 3 2 3 3 4 2 3 2 1 2 4 2 3 1 4 1 4 2 4 1 4 1 2 1
3 3 4 2 1 4 1 2 4 3 1 1 1 3 2 4 2 3 1 4 4 4 1 4 2 1 3 2 3 2 1 4 1 1 2 2 3 2 3 3 4 1 3 1 2 1 1 4 1 4 1 1 3 1 2 1 2 1 2 3 1 4 3 4 4 3 1 1 1 4 4 4 3 3 2 3 1 1 3 3 1 1 1 1 3 1 4 3 1 3 1 2 1 2 1 3 4 4 2 3
2 2 2 2 1 3 4 1 4 3 4 1 1 1 4 2 3 2 2 3 3 1 1 3 4 3 1 4 3 3 4 1 1 3 1 3 4 1 1 1 2 1 4 3 1 2 3 4 2 2 2 4 1 1 1 3 4 4 2 2 2 3 1 2 4 1 1 1 3 4 2 4 4 2 4 4 1 2 3 2 1 1 4 3 1 4 4 3 4 3 3 3 4 1 1 3 3 2 1 3
3 2 2 4 4 3 4 3 2 3 3 3 4 3 4 3 4 3 1 2 2 2 3 1 4 4 3 2 3 3 4 3 1 2 4 2 4 2 1 3 3 1 3 4 2 2 1 4 3 2 4 3 2 1 2 2 2 4 3 2 3 4 4 3 2 4 4 3 2 1 4 1 1 3 1 3 3 3 3 1 2 1 3 3 3 1 1 4 4 3 3 3 1 2 4 1 3 4 4 1
1 1 3 4 3 3 2 2 4 1 4 4 3 3 3 2 2 2 1 2 3 1 4 1 4 1 4 2 4 2 1 3 1 4 4 3 1 4 1 3 3 4 3 4 3 3 3 1 3 2 2 3 2 2 1 1 1 2 2 2 4 3 4 4 1 4 4 3 2 3 3 3 3 3 4 2 1 1 1 1 4 4 2 2 2 2 2 2 2 1 4 4 4 2 2 1 4 2 1 3
2 2 3 4 2 4 2 2 4 2 4 3 4 2 2 4 3 4 2 4 2 3 2 2 3 4 2 1 2 3 2 4 4 4 1 3 2 4 1 4 1 4 1 3 1 3 2 2 3 3 2 1 4 4 2 3 4 2 1 1 3 2 4 1 2 3 4 4 4 4 3 4 4 2 2 2 4 2 2 3 3 4 3 1 2 1 1 1 1 3 2 2 4 1 4 3 1 1 1 4
2 3 2 1 3 2 1 1 2 3 4 1 3 2 4 1 2 4 1 4 1 2 3 3 1 2 2 4 3 1 4 2 4 3 4 1 2 2 4 4 4 3 4 4 1 2 3 4 2 4 3 1 2 1 1 4 2 1 2 4 4 1 4 1 3 2 3 2 3 3 1 4 4 3 4 2 3 2 2 3 4 3 3 1 4 3 1 4 3 1 3 2 4 1 2 2 4 1 2 2
1 1 1 1 1 2 2 2 4 1 3 2 4 3 1 4 4 2 4 3 3 1 1 2 2 2 1 3 3 1 2 2 3 4 2 1 1 4 2 1 3 4 2 4 2 4 3 2 2 1 1 3 3 4 4 1 4 4 3 2 4 3 4 3 4 1 3 3 1 1 4 4 2 2 1 1 3 2 2 4 2 2 2 2 2 3 1 4 4 1 1 3 3 2 3 2 1 2 3 2
2 2 4 3 3 2 3 2 1 1 4 1 1 4 4 1 4 4 1 4 4 2 2 2 4 1 4 3 1 4 1 2 3 2 2 2 1 1 3 2 4 4 3 4 1 2 2 2 2 2 2 1 3 1 1 3 3 3 2 2 3 1 4 3 3 2 4 2 2 4 3 3 3 4 2 3 4 1 1 1 4 3 4 1 4 2 1 3 3 3 1 4 4 3 1 4 1 4 4 3
3 1 4 4 4 4 1 3 2 3 3 2 3 2 1 3 1 2 4 3 1 1 3 4 1 3 2 2 3 2 3 3 1 4 4 2 3 1 4 4 1 2 1 1 1 3 4 4 3 1 4 4 1 2 1 3 1 1 3 4 2 2 1 4 4 1 1 4 3 3 3 4 2 4 3 2 2 4 1 1 3 2 2 4 1 3 3 4 3 4 3 1 1 4 1 4 4 1 2 1
4 4 1 3 4 2 1 4 2 3 2 3 3 1 2 1 3 3 2 4 3 1 1 1 3 2 3 1 1 1 4 3 4 3 4 4 3 2 2 4 1 3 2 1 4 2 4 3 4 1 1 4 2 1 2 4 1 1 2 1 2 1 2 2 2 1 2 4 4 1 4 3 4 3 3 1 3 3 4 3 2 4 3 1 1 4 1 2 1 1 3 3 1 1 4 3 3 4 2 2
3 1 3 1 3 3 2 4 3 1 4 4 4 3 1 4 1 4 1 3 3 1 4 3 4 2 2 1 2 1 2 3 1 1 2 4 2 4 3 4 3 1 1 2 4 3 4 1 1 1 1 4 1 2 4 2 1 2 1 1 2 3 1 1 3 2 2 4 4 4 4 3 3 4 2 1 3 3 4 1 2 1 4 4 1 3 1 1 2 1 1 1 3 3 4 4 2 2 4 3
3 4 4 3 2 2 4 2 3 2 3 2 4 3 1 2 1 3 2 1 4 4 3 1 1 3 2 3 3 4 3 3 1 2 1 2 3 3 4 3 2 2 1 4 2 3 3 1 4 4 4 4 3 2 3 4 1 1 2 3 1 2 3 1 4 1 4 4 2 4 4 1 2 2 4 1 3 4 3 2 1 2 3 2 2 1 3 2 1 1 4 2 4 2 2 3 4 4 1 4
3 1 3 2 2 1 3 2 1 4 1 3 2 3 2 1 3 2 2 3 1 2 2 3 2 1 1 1 1 1 4 2 3 3 2 4 4 3 1 4 4 3 4 2 3 2 2 4 3 1 1 1 3 3 4 3 2 4 4 2 1 3 3 1 3 2 2 4 2 1 3 4 3 2 4 4 2 4 3 3 1 3 2 4 4 4 3 4 1 1 1 4 1 1 1 4 1 1 4 1
4 4 2 2 3 2 4 4 4 1 4 2 3 4 3 4 4 3 3 1 1 1 4 4 3 4 2 2 2 4 4 1 1 2 4 3 1 4 4 3 1 1 2 4 2 4 2 3 3 4 1 4 4 4 4 3 3 4 4 2 3 2 4 2 3 2 3 3 4 2 2 1 4 4 2 2 2 1 3 4 3 2 3 4 2 4 1 1 4 3 1 3 1 2 1 4 2 1 4 4
1 4 3 2 1 3 2 1 3 2 3 2 4 3 3 4 2 1 1 3 3 1 3 3 1 3 4 4 3 3 2 4 3 2 4 4 2 1 2 3 1 4 4 1 1 3 4 3 2 3 4 4 4 4 2 2 4 4 2 3 3 3 2 4 1 2 1 2 2 2 4 2 3 1 4 4 2 1 1 3 2 3 4 1 2 4 1 4 2 3 4 4 4 4 4 3 3 3 1 4
2 2 2 2 3 2 2 2 2 4 3 1 2 3 1 2 1 2 1 2 4 2 4 1 3 4 1 4 1 1 4 3 2 3 4 1 4 1 2 3 4 2 4 2 3 2 4 2 3 3 1 3 3 4 3 1 2 1 1 3 1 4 4 3 3 1 3 1 2 1 4 1 2 4 2 2 1 1 3 1 2 2 4 4 1 1 2 2 2 4 1 3 1 3 1 2 2 3 4 2
1 4 4 1 2 2 1 1 3 1 1 3 4 1 3 1 4 3 2 3 4 2 1 1 2 3 2 2 3 3 2 1 4 4 4 3 1 1 4 1 2 3 1 1 1 4 4 3 4 2 2 4 3 3 2 2 4 4 1 2 2 4 4 3 4 1 2 2 1 2 1 2 4 3 4 1 3 2 4 1 3 3 4 1 3 3 2 4 1 1 4 4 3 2 1 1 1 1 1 2
4 4 3 2 4 3 4 3 1 3 1 4 4 3 2 1 1 2 2 3 1 2 1 1 3 2 1 4 4 2 1 4 3 3 2 3 3 4 2 3 3 2 1 1 4 3 1 3 2 2 1 3 2 2 1 1 3 4 4 2 4 3 3 2 3 3 3 3 4 3 3 3 2 2 2 1 1 1 1 3 1 4 3 4 2 4 1 2 2 2 1 4 3 2 3 3 1 1 3 2
2 3 1 2 1 2 3 1 3 3 4 1 1 3 3 4 1 3 3 3 1 4 1 4 2 4 3 4 4 3 1 4 2 2 1 3 3 2 1 1 4 1 2 2 3 4 3 1 1 4 3 2 3 2 3 2 2 4 4 3 1 2 1 2 2 1 2 2 2 2 2 4 2 2 2 2 1 3 4 3 4 3 1 4 4 3 2 4 3 2 2 1 1 3 3 3 2 2 3 1
1 2 2 3 1 2 4 1 2 2 3 2 4 4 2 2 4 4 1 4 4 4 4 3 3 4 3 2 2 3 4 1 3 1 3 1 2 1 3 3 3 4 4 2 1 4 2 1 4 3 1 4 2 2 1 2 1 1 3 1 2 1 4 1 4 2 3 3 1 4 2 3 3 4 4 4 4 4 4 3 1 3 4 3 2 2 2 3 4 3 1 4 4 2 3 1 3 4 4 3
2 2 3 3 2 4 4 3 3 1 4 2 4 3 1 4 2 4 2 4 4 1 4 2 4 1 1 1 2 1 1 4 2 4 1 4 1 2 1 1 4 1 2 2 1 2 2 3 3 2 4 1 4 4 3 1 4 1 3 3 1 1 1 1 2 1 3 1 1 1 1 2 1 4 1 2 3 4 2 1 4 1 4 3 2 1 4 3 4 3 4 2 3 2 3 4 3 2 2 1
4 4 4 1 4 2 2 3 1 4 4 3 4 3 1 1 1 4 1 2 2 4 1 4 3 1 2 2 4 2 3 1 4 2 1 2 3 2 4 1 1 1 3 2 3 1 3 2 3 3 1 1 3 2 1 4 3 4 2 1 3 4 3 1 1 3 2 3 2 1 2 3 4 4 2 1 2 1 2 1 2 2 4 4 2 4 4 2 2 1 4 3 2 3 1 2 1 1 2 2
2 2 4 2 1 1 4 3 3 2 2 1 4 2 2 1 2 3 3 1 3 4 4 3 3 1 2 4 2 4 3 4 3 3 3 4 1 3 2 1 1 2 3 1 1 3 3 4 2 2 1 2 3 1 2 1 2 4 2 2 3 2 4 3 1 4 3 2 1 2 4 2 3 1 3 1 3 2 3 4 1 2 2 4 1 2 3 2 3 2 2 1 1 1 1 4 2 4 4 4
2 4 1 1 4 1 1 2 2 1 1 1 1 3 1 3 3 3 3 2 1 1 3 4 2 3 2 1 1 4 2 4 2 2 3 2 1 1 1 2 1 3 2 1 4 1 3 3 4 4 1 4 3 1 1 4 1 4 1 2 3 4 2 3 4 2 2 4 2 3 1 3 1 4 1 2 3 3 1 3 4 3 3 1 1 1 2 1 2 4 4 1 4 4 2 4 3 3 1 3
4 3 3 3 3 4 4 1 3 3 4 2 2 1 3 4 4 1 1 1 3 2 3 1 4 3 3 1 2 1 1 2 1 2 4 4 1 4 1 2 1 3 4 2 3 1 4 2 3 2 4 4 3 1 4 3 4 2 1 1 2 1 1 2 1 1 4 3 2 1 1 3 2 2 4 2 3 2 4 3 2 4 1 2 2 3 2 2 3 2 3 2 1 4 3 2 4 2 3 1
4 1 4 2 3 4 2 1 1 2 2 2 2 2 2 2 3 4 3 2 4 4 2 2 3 4 2 1 3 2 3 2 4 1 1 4 2 1 1 4 3 2 4 4 3 1 4 3 1 1 3 2 4 2 1 2 2 4 2 3 2 2 1 4 4 1 3 2 3 3 2 1 2 2 3 3 3 3 1 2 2 1 3 2 1 4 2 4 1 2 4 1 4 4 1 2 2 4 4 3
1 2 4 4 2 1 4 1 2 3 4 3 4 4 2 4 3 3 4 2 1 1 3 2 3 1 1 4 4 1 1 4 2 4 2 4 2 2 2 3 1 2 2 4 3 1 2 1 4 1 1 2 4 1 3 3 3 4 4 1 4 4 3 1 4 3 3 3 4 2 4 4 4 2 3 3 1 3 1 3 1 4 4 3 1 3 2 4 3 2 4 2 1 2 3 2 3 2 2 1
2 1 1 2 2 4 1 4 4 4 4 3 4 4 1 3 1 4 1 1 3 1 2 1 4 1 1 4 3 3 4 4 2 4 3 4 2 4 4 1 1 3 1 2 3 2 2 1 1 2 4 1 3 3 1 3 4 2 2 4 3 2 2 1 4 4 1 4 2 4 2 3 3 2 3 2 1 4 2 1 2 2 2 4 4 4 3 1 1 4 2 4 1 2 1 1 4 4 4 4
2 4 3 1 3 1 3 2 4 2 2 4 3 3 1 4 3 2 1 4 4 4 1 4 4 2 3 3 4 1 1 2 1 1 3 1 4 4 4 4 3 4 2 2 1 3 1 4 2 4 2 3 1 2 4 4 3 2 1 4 4 2 3 4 2 3 1 4 3 3 2 4 4 2 4 3 2 3 1 3 3 3 2 2 3 3 2 3 4 3 2 4 3 3 3 3 1 4 1 2
4 2 4 1 1 3 4 2 1 4 4 3 2 4 3 4 2 1 2 2 4 4 1 1 3 1 4 4 2 2 4 1 2 1 3 3 3 2 4 4 4 2 3 3 3 3 4 2 1 1 4 4 1 1 4 1 4 3 3 2 2 3 2 1 3 4 2 3 3 1 4 1 3 1 1 1 2 1 1 2 4 3 1 4 1 3 4 3 2 4 3 1 1 3 4 1 1 3 3 4
1 1 4 2 1 3 2 1 3 2 1 4 4 4 1 4 4 3 4 1 2 4 1 1 1 3 3 4 3 3 2 4 1 2 2 3 1 4 1 1 4 4 4 1 2 1 3 2 1 2 1 3 3 3 1 1 2 2 3 2 2 4 1 2 1 2 3 1 3 1 2 4 2 2 4 3 2 2 2 4 4 3 1 2 2 1 4 1 3 3 1 2 2 3 4 3 4 3 3 2
4 3 4 3 2 4 1 2 3 4 3 2 2 4 3 2 3 2 3 4 4 3 4 1 3 1 2 1 1 4 4 3 1 4 3 2 2 3 1 2 4 2 3 3 2 2 2 1 2 4 4 2 1 1 1 2 3 2 1 2 2 4 1 4 1 3 4 1 2 4 2 3 2 1 4 2 3 3 4 3 3 4 1 2 3 1 4 1 1 3 3 4 2 1 1 4 4 3 4 2
3 3 3 4 3 4 4 2 1 1 3 1 1 4 2 4 4 2 1 3 3 2 1 2 3 2 2 1 4 2 3 3 4 1 1 1 4 3 4 1 3 2 3 1 3 2 1 1 2 3 3 4 2 3 3 3 3 3 3 3 3 2 2 3 1 4 4 3 2 1 1 3 4 2 4 2 3 3 2 2 4 2 1 2 1 1 3 2 2 3 2 3 4 2 1 1 2 3 3 3
1 4 3 3 4 1 1 3 4 3 4 4 2 1 3 2 4 2 2 2 4 2 1 3 4 1 2 2 4 1 2 4 1 1 2 3 2 3 2 3 3 1 4 2 2 3 2 2 4 1 3 4 3 3 3 3 1 4 4 1 1 3 2 2 1 1 1 4 2 1 1 3 2 3 4 2 1 4 3 1 3 1 1 4 2 2 1 1 3 1 2 3 4 4 4 2 3 3 1 1
2 4 3 1 2 4 3 2 1 2 1 4 1 3 2 3 2 3 2 1 1 3 3 4 4 2 4 2 4 4 1 3 3 1 4 1 1 2 1 4 3 1 2 3 4 2 3 3 1 3 4 1 2 3 1 1 3 2 2 2 4 3 2 2 2 2 2 1 1 2 4 1 1 4 4 1 2 3 1 1 4 4 4 2 2 1 4 3 3 3 4 4 4 3 1 1 1 2 3 1
3 4 1 4 1 2 1 2 1 4 1 2 3 4 4 3 4 2 4 4 2 3 3 1 4 1 3 2 4 3 3 2 3 1 2 3 2 2 4 3 2 2 1 3 1 3 4 4 2 4 4 4 3 4 1 1 3 3 2 1 1 1 1 3 1 4 1 2 2 4 2 2 1 2 2 4 3 1 2 4 1 2 1 2 3 4 4 3 1 2 2 1 1 4 1 2 4 1 1 4
4 4 4 3 2 2 3 1 2 1 1 2 4 3 4 3 1 1 2 3 1 4 1 1 2 4 1 4 2 1 1 1 4 4 1 2 4 1 4 2 4 1 2 4 4 2 4 4 3 1 4 2 2 3 3 2 4 2 4 4 4 4 4 1 3 4 4 4 2 2 2 1 1 3 2 3 1 4 2 3 4 1 3 2 1 3 2 3 1 1 1 1 2 2 1 4 2 2 1 3
2 3 3 1 4 2 2 1 1 4 2 3 4 2 3 2 4 3 1 1 2 3 2 1 1 2 3 3 3 4 2 2 1 1 1 4 2 3 1 3 1 1 3 3 3 1 3 1 2 3 3 3 4 4 4 3 4 1 2 2 1 3 2 3 2 4 4 3 2 1 4 3 2 1 1 1 3 1 3 2 4 4 1 1 4 3 4 4 2 3 1 3 3 2 3 2 3 1 2 1
2 3 2 4 4 1 2 4 3 1 2 1 3 4 1 3 1 3 1 2 4 1 2 2 4 2 4 3 3 3 4 2 2 2 1 2 2 2 4 4 3 1 4 4 2 4 1 1 4 3 4 2 2 1 4 1 2 3 3 4 4 4 2 3 1 1 2 2 3 1 4 4 4 4 2 3 1 2 4 1 1 1 3 2 3 4 3 1 3 3 1 3 1 2 4 1 1 4 4 2
4 4 2 2 4 3 4 3 3 2 4 3 3 3 4 2 1 1 3 3 3 4 2 3 3 2 4 1 2 4 1 1 1 4 1 3 2 2 1 2 1 1 3 1 2 2 4 1 3 1 3 2 3 4 2 3 4 2 3 2 1 4 4 2 1 4 4 4 1 2 3 3 2 1 4 4 1 1 3 1 1 3 2 3 4 3 3 3 4 2 4 2 3 3 1 2 2 3 2 3
4 3 3 1 3 1 4 4 2 3 1 1 3 2 2 1 3 2 4 3 4 3 2 3 2 4 4 4 3 2 1 1 3 4 2 1 1 4 3 1 3 2 3 1 1 2 2 1 4 3 4 2 1 4 1 2 3 4 2 1 2 3 4 4 1 2 2 3 1 2 4 3 2 4 1 2 1 4 3 2 2 2 1 2 1 1 3 4 1 3 2 2 3 1 1 3 1 1 4 1
3 3 2 2 3 1 2 3 1 4 3 4 3 3 4 2 2 4 2 3 4 4 1 3 1 1 2 2 3 2 2 2 4 1 4 2 4 4 2 1 3 1 2 4 2 3 1 2 2 2 2 3 1 2 1 3 1 3 4 1 3 4 2 3 4 4 2 3 2 2 3 1 3 2 2 2 1 3 2 3 3 4 1 2 1 1 3 2 1 4 1 4 2 2 1 1 3 3 2 3
3 1 1 2 2 1 1 1 1 2 2 3 1 3 4 4 2 4 2 4 4 4 2 3 4 4 2 1 1 1 4 4 1 3 4 3 2 1 3 2 4 3 2 1 4 3 3 1 4 4 4 4 3 2 2 1 2 4 3 3 1 2 1 4 2 1 2 1 1 1 2 3 4 1 1 2 1 2 2 1 1 2 2 4 3 3 3 4 4 3 3 3 2 2 2 3 3 1 2 4
3 1 3 1 3 2 4 4 3 4 1 4 3 3 1 2 2 4 3 2 4 3 1 4 4 1 2 2 3 2 1 1 3 2 1 2 1 4 1 4 4 1 4 1 4 2 2 1 2 3 4 1 1 2 4 4 4 1 3 4 1 3 4 2 3 4 4 2 1 3 4 4 2 3 4 3 2 3 2 4 3 2 1 1 2 2 3 4 1 2 3 3 1 1 2 2 4 4 2 2
1 3 4 1 4 1 2 1 4 3 2 4 4 2 3 1 2 4 3 2 3 2 4 2 4 2 3 1 1 1 3 4 3 2 1 4 2 2 1 2 2 2 4 4 4 3 1 2 1 1 1 2 2 4 2 4 4 4 4 1 4 2 4 4 1 2 2 2 2 3 2 2 3 4 1 1 2 4 2 3 4 2 3 1 4 3 2 3 1 4 1 1 3 2 3 3 2 1 4 2
2 1 4 2 1 4 1 4 2 2 3 3 1 1 1 2 3 1 4 3 4 3 3 3 2 1 3 2 3 4 2 1 3 1 1 2 2 1 1 3 2 2 1 1 1 4 4 1 2 4 2 3 3 3 3 2 1 3 4 1 1 3 3 3 2 3 4 1 2 4 3 4 1 2 2 4 4 4 4 1 3 4 2 3 1 2 3 3 2 4 3 3 4 4 1 3 1 3 2 3
37 4
15 7
83 84
81 37
47 35
17 52
75 84
54 85
43 81
93 37
77 68
58 39
93 66
50 83
45 23
42 34
69 42
90 26
55 77
88 15
30 2
15 16
78 48
12 11
85 2
29 15
93 29
8 46
76 69
54 9
47 73
88 53
40 78
90 47
25 49
25 68
6 70
22 84
86 74
11 7
61 33
86 82
18 47
38 63
20 63
13 96
43 70
41 14
29 94
1 62
48 57
84 40
22 39
99 29
46 29
18 35
11 79
100 91
61 18
79 7
81 68
88 49
23 15
49 49
10 7
14 47
71 69
31 7
1 3
100 24
79 49
85 50
94 38
60 66
31 56
65 65
7 82
29 81
26 79
92 4
23 90
55 29
75 80
52 12
77 74
83 32
25 44
46 94
98 29
62 30
22 5
66 6
16 30
56 22
14 15
29 10
54 60
83 28
33 82
99 96
6 91
13 4
34 82
93 25
92 33
28 81
23 55
41 27
58 31
24 88
53 41
3 25
51 89
41 82
68 51
88 92
33 14
63 78
64 86
65 28
59 5
83 14
92 63
30 75
19 23
71 94
3 88
67 43
15 43
87 58
25 86
5 51
72 18
63 45
23 10
31 79
61 40
38 10
79 14
52 56
25 53
20 7
99 47
25 72
94 14
63 71
67 33
67 84
8 36
68 84
63 20
62 35
25 28
43 97
85 66
8 50
60 10
80 60
39 25
92 88
77 93
19 27
45 39
16 54
13 44
2 15
15 28
86 13
93 11
2 37
51 54
100 51
74 39
82 40
59 66
48 90
51 15
84 36
34 70
26 19
78 11
38 87
100 69
33 73
44 82
25 33
48 25
80 81
55 10
86 36
70 96
26 61
21 66
50 26
73 48
65 59
56 4
98 11
43 77
82 97
75 34
97 41
92 76
98 80
44 28
6 37
69 64
17 16
89 33
29 71
46 47
9 65
65 32
77 9
34 1
47 12
25 15
74 73
78 56
89 48
84 85
17 23
36 1
30 27
40 26
76 38
64 1
38 95
59 18
74 2
83 88
42 28
25 95
99 14
36 68
16 86
95 79
16 6
97 24
11 41
