100 4 240
4 3 3 3 4 1 1 2 1 3 1 4 3 4 3 3 1 4 2 1 3 4 3 1 3 1 2 4 2 3 4 3 1 1 4 2 3 4 1 4 4 4 2 4 2 4 3 1 3 4 2 2 3 4 1 2 4 2 2 3 3 1 1 1 1 1 2 1 1 1 1 3 3 4 2 2 4 3 4 1 3 1 3 1 3 4 3 2 1 1 2 3 4 3 4 2 1 1 1 1
4 2 3 3 2 4 4 1 3 4 4 3 2 4 1 2 2 4 4 3 4 2 4 3 4 2 4 4 1 2 1 1 1 4 3 4 4 4 4 3 1 2 4 2 1 2 3 1 3 2 3 3 3 4 4 3 4 1 4 1 2 3 2 1 3 2 2 2 1 1 2 1 2 4 3 4 3 4 2 1 2 4 1 2 1 2 4 4 2 4 3 2 2 3 3 2 3 3 1 2
1 3 3 4 2 4 4 2 2 2 3 2 1 4 3 3 1 4 1 1 3 1 3 3 1 4 4 2 3 3 4 4 4 4 3 4 3 2 4 4 1 3 3 3 1 4 2 4 3 4 2 2 1 3 3 4 2 2 3 2 4 3 4 1 1 3 4 2 4 3 4 4 3 3 2 4 2 4 1 3 1 4 4 1 1 3 3 2 1 3 1 3 1 4 1 2 3 4 3 2
1 3 3 2 4 3 4 3 2 2 3 1 3 1 4 1 4 3 4 4 2 1 4 3 4 4 4 2 2 3 4 1 3 4 3 1 2 1 3 2 1 3 2 4 1 4 4 3 1 3 4 4 1 4 1 2 1 1 1 3 2 3 1 4 4 2 1 2 4 2 3 3 4 4 3 1 2 3 4 4 4 1 3 3 2 4 4 2 1 4 2 4 3 4 1 3 4 2 2 1
4 2 1 2 1 3 2 1 4 1 1 3 4 4 4 3 1 1 3 2 4 3 4 1 1 4 1 3 3 1 4 1 4 1 3 4 2 2 4 4 3 4 2 3 1 3 4 3 1 4 2 2 3 2 3 3 2 4 3 3 2 1 3 4 4 4 4 4 4 2 4 2 1 3 2 4 4 1 4 2 1 4 4 1 1 2 3 1 4 4 3 4 2 1 2 2 4 2 3 2
1 4 2 2 1 3 2 1 2 1 2 2 1 2 2 2 2 1 1 3 1 2 2 1 4 3 3 3 4 4 1 1 1 4 3 1 1 1 1 4 1 4 2 2 1 1 2 1 1 3 1 3 3 3 4 4 4 1 1 2 4 4 4 2 2 2 2 3 4 3 2 3 4 4 1 4 3 2 3 3 3 1 1 2 4 2 3 2 4 2 4 2 4 2 2 1 2 2 3 1
4 3 1 3 3 1 4 1 4 4 4 2 1 4 2 4 1 3 4 4 4 1 3 4 4 1 3 1 1 3 3 1 2 3 3 3 3 3 3 3 1 3 4 1 3 3 4 3 2 2 1 2 1 1 3 4 1 4 2 2 4 3 2 3 2 2 4 4 4 4 4 3 1 4 4 4 1 3 2 2 1 2 3 1 2 2 2 2 2 2 4 2 1 2 3 3 4 4 4 4
3 3 2 3 3 2 3 4 2 1 3 4 4 2 1 1 2 3 3 4 4 4 3 4 2 3 2 4 2 2 4 3 2 1 4 4 1 1 2 3 3 1 3 1 4 2 3 2 2 4 2 2 3 3 1 1 3 2 1 4 3 3 1 4 4 1 4 2 3 3 2 2 3 3 3 4 1 2 2 3 2 1 3 2 4 4 4 3 3 3 1 1 1 2 3 3 4 1 4 1
2 1 4 1 3 3 4 3 2 1 3 2 4 1 2 3 4 3 2 4 1 1 3 2 1 1 2 1 2 2 1 2 2 1 3 2 2 3 2 3 1 1 4 1 4 3 3 3 2 1 1 2 3 3 2 2 2 4 1 1 1 1 2 1 3 3 1 1 3 1 1 1 1 3 1 4 3 4 4 2 2 4 1 4 1 2 1 2 1 3 4 1 4 3 4 1 1 4 3 3
3 1 4 2 2 4 4 2 1 3 3 2 2 2 1 2 4 1 4 3 2 1 4 1 2 1 3 2 4 3 3 1 2 1 1 1 1 3 3 4 2 4 1 3 1 3 1 3 1 1 2 4 4 2 2 3 1 3 1 2 4 4 1 3 3 4 3 1 3 1 3 1 2 1 4 4 3 4 1 4 4 1 1 2 2 4 3 4 3 4 1 3 3 3 2 3 1 1 2 1
4 2 2 3 2 1 3 2 4 4 3 1 3 2 3 4 2 4 3 1 2 4 3 2 2 1 3 4 2 1 4 1 4 1 1 1 1 2 3 1 2 1 4 4 1 3 3 2 2 3 2 1 1 2 4 1 1 3 3 4 2 1 4 2 4 4 4 2 3 2 1 4 3 1 4 1 1 1 1 2 1 4 3 1 2 1 1 4 3 3 3 2 3 3 3 1 4 2 4 1
2 4 1 4 1 3 3 1 2 4 3 3 1 2 4 4 3 3 4 4 3 3 4 2 4 3 2 4 3 1 4 3 4 4 4 3 4 3 1 1 1 1 3 3 3 3 1 4 4 3 2 3 4 1 1 2 4 2 1 3 4 4 2 3 1 1 4 3 1 1 3 1 4 1 1 4 2 2 4 2 1 4 4 2 2 4 3 3 1 4 3 1 1 4 3 2 2 2 3 1
1 1 3 4 4 3 2 2 2 4 3 3 4 2 2 4 2 4 2 3 2 4 1 4 3 2 4 3 2 1 2 3 2 2 3 4 4 3 1 2 4 2 3 2 1 4 3 3 1 3 2 4 1 2 3 4 1 1 1 4 2 4 3 1 2 4 1 3 3 3 4 3 2 4 2 2 4 2 3 4 2 1 1 2 3 3 2 3 4 2 2 4 4 2 1 4 2 1 1 2
4 1 2 2 4 4 4 3 4 3 1 1 1 4 4 3 2 2 1 2 1 3 3 4 1 2 2 1 2 2 4 4 4 2 4 1 3 4 1 4 3 2 3 4 1 3 4 1 3 4 3 2 4 3 4 2 4 4 1 1 3 2 2 1 4 2 2 3 1 4 3 1 1 3 1 4 1 3 2 4 3 3 3 1 1 4 4 1 2 2 2 4 2 2 1 4 3 2 2 3
3 1 3 2 2 3 3 1 1 3 1 1 2 2 2 3 4 1 1 3 1 3 4 2 2 1 3 2 3 2 2 2 4 2 1 2 3 1 1 1 3 2 2 2 4 3 1 3 4 2 2 2 3 2 1 3 1 4 3 2 2 4 1 1 3 4 4 1 3 2 1 2 4 1 2 2 4 4 3 2 4 1 4 1 1 2 1 3 2 1 1 2 2 2 1 1 1 4 3 3
1 3 4 3 3 2 3 2 2 1 2 3 2 2 2 4 1 3 1 1 1 1 2 3 4 3 2 1 1 2 3 1 1 4 4 2 1 4 3 4 4 4 2 3 1 1 1 1 2 2 2 3 4 3 1 3 3 1 1 4 4 3 4 2 1 2 3 4 2 4 2 2 2 2 3 1 4 4 4 4 4 3 1 3 2 1 3 1 4 1 1 2 1 3 4 4 4 3 1 1
1 2 3 3 3 4 2 3 4 1 3 2 4 2 2 3 4 4 1 2 2 3 3 1 2 2 3 3 3 4 1 4 1 4 1 1 4 4 2 2 4 3 1 3 2 1 2 1 2 1 3 4 2 2 2 3 1 4 3 2 4 1 2 1 4 3 3 4 3 1 2 1 2 1 3 1 2 2 4 1 3 2 1 4 2 4 2 3 1 3 2 4 2 4 3 2 1 3 4 2
1 4 2 1 1 4 3 3 3 3 4 1 2 1 2 1 1 4 3 1 2 3 3 3 4 4 3 2 3 4 4 2 4 2 2 1 4 4 1 2 1 2 3 3 1 1 2 1 4 3 3 1 1 2 2 2 4 4 2 3 3 3 4 3 2 3 1 3 1 2 4 3 1 3 3 2 2 4 3 4 3 1 1 3 2 2 3 2 3 1 4 2 2 3 2 3 4 3 3 3
1 4 2 3 2 4 3 3 4 3 1 4 4 3 3 3 4 4 4 4 3 1 1 3 4 2 3 1 2 3 1 2 4 2 1 3 4 4 1 3 4 1 4 3 1 3 3 1 3 4 2 4 1 3 3 4 4 2 2 4 2 1 4 1 1 3 4 1 4 3 4 4 4 3 4 4 1 3 4 1 3 1 2 4 4 3 3 4 2 2 2 2 2 3 2 3 2 3 4 2
2 2 4 4 4 3 4 1 4 3 2 2 4 2 1 3 2 2 4 3 1 2 2 3 4 3 4 4 3 4 4 3 4 3 1 4 3 1 4 1 1 1 1 1 2 3 3 2 1 3 3 3 2 1 1 2 1 2 4 1 3 4 1 4 4 1 1 4 2 1 2 3 1 1 4 3 4 2 4 1 1 2 1 3 2 4 4 4 1 1 4 2 1 2 4 3 4 3 1 3
2 1 1 4 1 4 1 4 2 1 3 1 2 1 2 2 4 1 3 1 3 2 2 3 3 2 3 3 1 1 4 3 2 3 4 3 2 4 4 1 1 3 2 2 4 2 2 3 4 3 1 3 2 2 3 2 4 4 3 2 3 3 3 1 4 4 2 3 3 3 3 4 4 1 3 1 2 4 3 4 4 3 4 4 2 1 2 2 1 1 1 2 2 3 4 1 1 2 2 4
3 3 3 2 4 2 1 3 2 1 1 1 3 3 2 1 4 1 2 2 4 1 4 3 1 2 4 3 4 4 1 1 2 4 1 3 4 2 4 1 4 1 2 3 3 4 3 2 2 2 1 3 1 3 4 4 1 1 1 3 2 4 3 4 1 4 2 3 2 1 2 1 1 4 2 2 2 1 4 3 3 1 3 1 3 3 2 4 1 2 3 1 2 4 3 4 2 3 3 4
1 4 3 4 3 1 2 3 1 2 3 3 1 3 4 2 1 2 3 2 4 3 3 4 1 4 1 1 4 1 4 2 1 3 2 2 1 3 3 2 4 1 2 1 1 1 3 3 1 2 4 1 2 4 3 4 4 3 2 4 4 4 3 4 3 1 1 4 2 1 2 2 2 4 1 2 3 2 2 2 1 4 1 3 2 1 4 3 3 4 3 1 1 4 3 4 1 1 4 3
1 3 2 1 2 4 2 4 3 4 1 2 2 1 1 4 3 3 2 4 2 4 2 1 3 2 2 2 1 4 2 3 2 3 1 2 3 4 2 3 4 2 1 3 1 2 4 1 2 1 4 4 3 3 1 3 1 2 3 2 1 1 1 4 2 4 2 2 1 4 4 4 4 4 2 2 4 4 4 4 4 4 1 2 4 2 2 1 1 3 2 4 4 4 1 2 2 4 2 1
3 1 4 1 4 4 2 2 3 4 1 3 2 2 4 4 2 4 4 2 4 1 2 4 3 4 2 2 4 4 2 2 4 3 3 3 3 1 1 2 1 2 4 1 2 3 1 1 2 4 3 2 1 2 4 2 1 2 4 3 4 3 2 4 4 4 1 1 1 2 4 2 4 1 1 4 4 3 3 3 3 4 1 1 3 4 1 1 1 1 1 1 3 3 1 4 1 3 4 1
1 2 4 3 3 4 3 2 2 2 4 3 1 3 4 1 3 2 1 3 2 2 4 4 4 2 1 2 1 4 1 4 2 4 2 3 2 2 3 1 1 1 2 1 4 2 1 1 3 2 1 1 1 2 1 4 3 4 3 4 4 2 1 1 4 1 4 3 4 1 4 2 4 2 2 4 4 4 4 1 3 2 3 2 2 4 3 3 1 4 4 3 3 3 2 1 1 2 1 3
3 4 4 3 4 3 1 1 1 2 4 3 2 3 3 2 3 4 1 4 2 3 1 2 1 2 4 4 1 3 2 3 4 1 2 3 1 1 3 2 2 1 3 1 4 4 3 1 4 1 1 4 3 3 3 1 4 4 2 2 2 1 3 1 1 3 1 1 4 3 3 4 2 3 2 2 2 2 2 3 3 4 1 2 2 2 3 1 2 3 1 4 1 3 2 4 2 2 4 4
2 1 3 1 1 1 2 1 1 4 3 1 1 2 3 1 4 4 2 3 1 4 1 4 1 1 2 1 3 3 2 2 1 3 2 3 2 1 4 2 2 2 4 3 4 2 3 3 3 1 2 2 2 1 3 2 3 4 4 1 3 2 1 1 3 3 3 2 3 2 2 2 1 2 3 3 1 2 1 4 2 3 2 4 1 1 2 3 4 4 4 2 3 4 2 4 3 4 2 4
4 3 3 1 1 4 1 4 1 2 3 3 1 3 4 2 3 3 1 2 4 3 3 1 2 4 1 4 1 3 3 2 3 3 4 1 1 4 2 1 4 2 3 3 2 4 2 3 4 1 3 1 1 2 2 1 2 2 1 1 2 2 1 4 1 1 4 3 3 4 1 1 4 2 1 4 3 2 2 1 1 3 3 1 4 1 1 4 2 4 2 4 2 4 3 1 3 1 2 4
1 3 2 2 4 2 3 3 3 1 4 3 1 1 2 2 2 4 1 4 2 3 1 3 3 4 1 4 1 3 3 2 1 2 3 1 1 4 2 3 3 4 3 4 1 2 2 1 2 3 1 3 2 3 2 3 2 3 1 2 2 1 1 2 3 3 2 4 1 3 2 4 3 3 3 1 3 1 2 2 1 3 2 2 3 4 3 4 1 3 2 3 3 2 2 3 4 1 3 3
1 4 1 1 1 1 2 2 2 4 4 1 2 1 3 1 2 4 2 2 2 4 1 4 4 2 4 2 1 4 1 4 2 2 3 4 4 1 4 2 1 2 3 3 3 2 1 3 3 4 2 1 4 4 2 1 1 2 3 4 2 3 2 2 2 2 1 3 1 2 1 2 3 2 1 4 1 3 3 2 3 2 3 1 2 1 2 4 1 3 2 1 2 2 1 4 3 2 1 1
4 1 2 4 4 1 1 4 1 3 3 2 4 3 3 4 3 2 4 2 1 4 3 4 3 3 3 3 2 1 2 1 3 4 1 4 3 1 3 2 1 3 1 2 3 2 3 3 4 3 2 1 1 1 4 1 4 2 4 3 4 1 1 2 1 2 3 3 4 2 4 3 1 2 4 3 1 1 3 2 2 3 4 3 3 3 3 1 2 1 1 4 3 4 4 4 4 4 2 1
4 4 1 3 3 2 3 4 2 3 1 1 4 1 4 4 1 4 4 3 1 1 3 4 4 4 1 4 1 2 1 1 3 3 1 1 1 2 3 1 2 3 1 4 3 4 4 4 1 4 2 3 2 4 2 2 3 1 1 2 4 2 4 2 4 4 1 4 3 2 3 2 1 4 3 1 3 2 3 4 2 2 4 1 2 3 3 2 4 1 4 4 1 3 4 3 3 1 3 3
2 2 4 4 1 4 4 4 3 3 3 4 3 4 2 1 1 1 4 2 3 3 2 4 1 2 2 2 3 4 3 4 3 2 3 3 2 1 4 3 4 3 4 1 4 1 4 2 2 2 3 3 3 2 3 1 1 1 1 2 4 1 4 4 1 3 2 2 3 4 3 1 1 1 1 1 1 2 3 1 2 1 2 4 4 2 1 2 2 2 3 1 3 1 3 4 1 3 3 2
2 1 4 1 2 1 1 1 4 1 2 4 1 4 1 3 1 1 3 3 3 2 4 2 2 2 4 3 1 4 1 3 3 4 2 2 3 4 3 2 3 3 4 2 4 1 2 2 2 2 4 1 1 4 3 2 1 4 3 3 2 4 2 4 3 4 1 3 4 1 1 4 2 1 3 1 1 2 1 1 4 4 3 3 3 1 4 4 3 2 2 1 3 4 1 1 2 2 2 4
2 2 1 2 1 2 4 1 1 1 1 2 1 3 3 4 2 3 1 1 4 2 2 1 3 1 2 4 4 1 4 2 1 3 4 4 1 3 3 4 3 1 1 1 2 3 2 4 3 3 1 2 1 2 4 3 4 2 2 1 2 2 4 3 4 4 3 1 2 3 3 3 3 1 3 1 1 4 1 4 2 3 1 2 4 3 1 2 3 4 3 2 3 3 2 2 4 3 3 2
3 3 1 2 3 3 1 4 3 1 1 2 3 2 1 4 3 4 3 3 4 4 2 3 1 2 2 1 1 4 3 2 1 4 1 3 2 1 2 1 1 4 4 4 2 1 1 4 4 2 2 4 4 2 2 2 3 1 4 4 3 3 1 3 1 2 1 4 4 2 2 2 4 2 1 1 1 2 4 2 4 4 4 1 1 1 2 3 4 1 3 3 4 4 1 4 2 3 3 1
4 4 4 4 2 3 4 1 1 1 3 1 1 1 1 4 3 4 3 1 2 2 2 2 2 1 2 4 2 1 1 3 3 3 1 3 2 3 3 3 4 3 4 4 2 1 4 2 3 2 4 4 3 1 4 3 4 3 3 4 2 1 1 1 4 3 2 1 4 2 1 3 1 4 4 1 2 1 2 4 2 1 2 4 2 4 4 2 2 3 1 1 4 2 1 1 1 4 2 3
1 2 4 1 4 4 1 2 3 1 2 1 1 1 1 2 4 2 3 4 1 1 4 4 3 1 4 4 1 4 2 4 1 4 2 4 3 4 1 4 3 1 4 2 1 4 1 1 1 4 2 3 3 2 1 4 2 2 4 2 1 4 2 3 1 4 3 3 1 4 1 4 1 4 4 2 4 3 3 4 2 1 3 3 1 3 4 2 1 2 2 4 4 4 3 1 4 4 3 2
2 2 2 3 4 1 1 2 2 3 2 2 2 4 3 4 1 2 4 2 2 2 3 4 4 1 1 4 1 3 4 2 4 1 1 4 4 2 4 3 2 1 4 2 3 3 3 2 2 3 1 1 2 2 3 2 3 2 1 2 2 1 1 3 3 3 2 1 3 2 4 2 4 2 2 1 4 2 4 3 1 3 1 2 2 4 4 2 3 1 2 1 1 4 2 4 4 1 4 1
3 4 3 3 1 4 1 4 2 1 3 3 2 4 4 3 4 2 2 4 3 3 4 3 4 3 3 4 3 2 2 2 2 1 3 4 4 2 1 2 4 3 2 4 4 4 4 1 1 1 2 4 4 2 3 3 3 3 4 2 4 1 4 4 1 2 3 1 2 4 2 1 4 2 2 2 1 1 1 2 2 4 2 4 3 1 3 2 4 1 3 1 2 1 3 1 4 3 1 3
3 2 2 1 3 1 4 4 4 1 1 1 4 2 1 1 1 2 3 1 2 4 1 4 4 2 2 4 1 2 1 3 2 2 1 1 2 2 4 1 1 3 3 3 2 2 1 3 3 1 1 1 3 3 2 3 2 3 4 3 3 1 4 1 2 2 4 4 1 4 4 2 2 2 2 1 1 3 2 4 3 2 1 3 2 2 2 4 3 1 1 2 4 3 4 1 4 2 1 3
2 2 1 2 2 4 1 1 3 3 3 1 2 1 3 2 2 2 3 2 3 4 1 2 2 2 2 2 4 2 1 2 1 1 4 4 4 4 3 4 3 3 2 4 2 4 1 3 1 4 1 1 3 1 4 3 2 4 1 1 4 3 4 1 4 1 1 4 1 4 3 1 2 1 3 4 3 2 4 3 2 2 4 4 2 3 4 2 1 4 3 3 1 2 1 3 1 4 1 2
3 4 1 1 4 4 4 1 2 3 4 1 1 4 2 2 3 2 1 1 3 3 3 2 2 1 4 3 4 4 3 4 3 1 4 4 2 2 4 1 2 1 2 4 1 4 4 2 2 3 2 2 3 2 2 4 2 2 1 2 3 3 3 1 2 3 2 4 1 4 3 3 3 3 4 3 4 1 1 2 1 3 2 1 4 4 1 4 3 3 3 4 3 3 4 1 3 2 1 1
2 1 4 4 4 2 1 3 1 3 3 3 3 1 2 2 2 3 1 1 3 2 1 1 4 2 1 3 1 1 1 2 3 2 1 4 3 4 3 1 4 3 1 3 1 4 3 1 1 2 3 2 2 3 2 3 3 1 4 4 3 1 2 2 3 3 1 4 3 4 4 4 4 1 4 3 1 3 4 3 3 4 3 1 3 2 2 3 2 4 4 4 4 2 1 4 3 4 3 4
4 3 2 4 2 4 2 1 4 1 2 1 4 1 2 1 3 4 2 2 4 2 1 2 4 4 1 1 4 4 2 3 3 2 2 2 3 1 2 4 4 3 1 1 3 4 1 4 4 3 4 2 3 3 4 3 4 1 2 1 3 1 4 2 1 2 4 3 2 4 3 1 1 2 4 4 2 1 2 4 4 1 3 1 1 4 1 4 2 3 3 1 1 2 2 4 4 1 4 1
3 2 3 1 1 1 1 3 4 1 1 4 3 1 3 4 2 2 2 4 1 4 3 1 4 1 2 1 4 2 1 3 3 4 1 3 3 2 3 2 2 1 4 3 2 4 4 3 2 2 3 2 3 4 3 3 2 4 4 4 2 4 2 2 3 2 3 3 2 2 1 1 1 3 3 4 2 4 1 4 4 3 1 3 3 1 1 2 3 3 1 3 2 2 4 1 2 2 3 4
4 3 4 2 1 2 3 4 2 1 4 2 1 1 3 1 2 4 1 4 2 1 1 4 2 1 4 4 2 4 2 2 3 2 3 1 2 2 3 3 2 2 4 2 1 3 4 3 2 4 4 3 3 1 1 2 2 2 3 3 2 4 3 1 4 4 4 4 3 3 4 3 1 2 2 2 4 3 3 1 3 3 1 1 4 4 3 3 4 2 3 2 4 2 1 3 1 4 2 4
4 3 1 4 2 4 2 3 2 3 4 3 1 2 4 3 4 3 2 2 3 2 3 1 4 4 2 3 4 1 1 1 1 3 4 1 4 1 1 3 1 2 4 4 3 1 3 2 1 3 3 3 3 2 4 2 3 3 2 2 2 3 3 2 3 1 2 1 1 4 3 2 4 3 4 3 1 3 1 2 2 4 1 2 4 2 4 3 3 2 1 3 2 2 3 4 1 4 4 1
4 3 1 4 4 1 4 3 3 3 2 4 3 3 2 4 4 2 3 4 4 3 3 2 2 4 4 3 4 2 4 3 4 1 1 2 2 2 4 2 1 4 4 4 2 4 2 3 1 3 1 2 4 4 4 4 1 1 4 3 3 4 1 3 1 1 1 1 3 4 4 4 1 1 2 4 3 1 1 3 4 4 4 3 1 2 3 3 3 2 1 4 2 4 4 1 3 4 1 1
4 3 3 3 2 1 4 2 3 4 3 4 4 2 2 4 2 1 3 2 3 3 3 1 4 3 3 3 1 4 3 4 4 3 3 2 2 4 2 3 4 4 2 3 2 4 4 2 1 3 3 3 4 2 4 3 2 3 4 3 4 2 2 3 3 2 2 1 1 4 2 2 4 3 3 3 4 3 1 3 1 3 2 1 4 1 1 3 4 1 3 1 4 1 1 1 1 4 2 3
1 2 3 4 4 1 2 3 3 2 4 4 1 4 4 1 2 4 4 3 2 3 4 1 2 4 2 4 4 2 2 4 2 4 2 2 1 2 2 3 2 4 4 4 2 3 2 4 4 4 2 3 3 1 2 2 2 1 3 4 2 2 1 2 1 4 2 1 4 4 2 3 4 2 4 3 4 2 1 4 2 2 3 1 4 2 3 2 3 1 1 3 1 2 2 2 1 4 1 3
2 1 1 3 1 3 2 3 1 4 1 4 1 4 3 4 1 1 3 4 2 1 3 3 1 3 4 2 1 2 3 4 3 1 2 3 4 3 4 4 2 1 2 2 2 2 1 1 4 1 1 3 3 4 4 1 3 4 1 2 1 1 3 3 3 2 1 2 2 1 1 1 1 1 3 2 3 2 1 4 3 4 2 4 1 4 2 3 4 1 1 2 3 1 4 2 3 1 4 1
1 2 4 3 1 4 1 2 4 4 3 1 1 3 4 4 2 1 1 1 4 4 2 3 3 3 4 3 3 4 4 3 3 1 1 1 1 3 2 2 4 1 2 2 2 4 3 2 4 3 1 3 1 4 2 2 4 2 1 4 2 4 1 1 1 2 1 1 3 2 4 2 1 4 1 4 4 3 4 3 3 2 2 3 3 1 2 4 3 2 4 3 4 3 2 4 4 4 4 3
4 1 2 4 1 3 4 1 3 1 4 3 3 4 4 2 1 4 3 4 3 3 1 3 4 2 2 1 1 3 4 4 3 2 3 4 3 3 4 1 1 1 4 2 3 1 4 3 3 4 4 4 3 1 3 3 3 3 4 2 1 2 2 2 2 3 1 1 4 4 1 4 4 4 2 3 4 1 2 1 3 1 2 4 2 4 1 4 1 3 2 4 3 3 2 2 4 3 3 4
4 2 1 4 1 1 4 3 1 3 4 1 4 3 1 2 3 3 4 2 1 2 4 2 1 2 3 1 2 4 1 3 1 4 1 3 3 2 3 1 2 1 4 2 2 4 4 1 2 2 1 3 3 3 2 2 1 3 1 2 2 1 2 4 1 2 3 2 1 1 1 3 4 3 4 1 3 3 4 2 1 3 2 2 3 3 1 1 2 4 3 4 1 1 2 4 2 3 3 4
3 1 1 1 4 2 2 1 1 1 1 1 2 2 2 4 4 4 1 2 1 2 2 4 4 3 2 4 3 4 4 4 4 3 4 3 4 2 1 2 4 2 3 4 1 4 3 4 1 1 4 1 4 2 3 4 4 2 2 2 4 3 3 1 1 4 1 4 3 3 2 1 1 4 3 3 1 2 3 4 2 2 2 4 4 3 4 2 1 3 1 3 2 2 4 1 3 1 4 4
4 1 4 3 3 4 4 1 3 2 4 3 4 4 3 4 3 2 4 2 2 3 1 1 1 4 4 2 4 4 1 3 2 2 2 4 1 1 4 3 1 2 2 4 1 2 1 4 2 4 4 4 3 2 1 4 3 1 4 1 1 1 3 1 3 1 1 3 4 2 3 1 3 1 3 4 2 1 2 2 2 2 1 2 4 4 1 3 4 3 4 3 4 3 1 2 2 2 3 3
2 1 2 1 1 1 2 3 2 1 3 3 4 1 3 2 4 4 1 4 1 1 4 1 3 2 4 2 1 3 3 4 4 3 3 2 1 3 3 4 1 3 2 3 4 4 1 1 2 3 3 1 1 3 3 4 3 2 1 3 2 1 2 1 3 1 3 4 1 2 1 4 3 4 1 4 1 1 3 4 4 1 3 3 4 4 4 2 4 4 1 2 2 1 3 4 2 1 4 2
3 3 3 1 4 3 1 2 3 3 3 1 3 4 4 4 3 4 3 4 4 2 1 4 3 4 3 4 4 3 3 1 4 2 3 4 3 4 1 1 1 1 1 4 2 4 4 1 3 2 2 4 3 2 4 1 3 4 2 2 1 4 2 3 2 4 4 3 1 4 3 3 2 2 1 3 2 4 1 3 2 3 1 2 1 3 3 3 4 2 1 3 1 2 4 4 1 1 2 2
4 1 2 4 4 3 3 3 2 3 3 2 2 3 1 4 1 3 1 1 2 2 2 4 1 3 2 2 2 4 3 3 4 1 1 3 2 1 1 4 1 3 2 2 4 1 3 4 4 3 3 3 1 1 3 2 1 2 2 1 4 4 2 3 4 1 2 2 1 3 4 2 2 1 2 1 1 2 3 2 1 2 2 4 4 1 2 3 2 2 1 3 4 2 1 3 2 2 1 2
4 4 3 4 3 2 2 3 3 3 2 3 2 1 2 4 3 4 1 3 2 1 3 3 1 3 3 4 2 3 2 3 2 3 4 4 1 3 3 2 3 2 3 1 3 2 3 2 3 2 4 2 2 1 2 2 3 1 3 4 3 3 3 4 2 3 2 1 1 2 4 3 3 3 4 2 2 3 2 2 3 4 3 1 3 2 1 2 1 3 3 1 1 3 1 4 4 4 4 1
3 2 2 2 2 3 2 1 4 1 2 3 3 2 2 3 3 3 3 1 4 4 3 1 1 3 2 1 4 4 1 4 2 3 4 4 2 1 1 2 3 2 2 3 1 2 2 4 4 4 2 1 4 3 4 1 3 3 1 1 3 3 4 3 4 1 3 2 4 3 4 2 4 1 1 1 1 3 4 2 2 4 3 1 3 2 4 2 2 4 3 1 3 3 2 1 4 1 1 2
3 4 4 1 1 4 1 2 3 4 1 1 2 4 3 1 2 3 2 1 4 4 3 2 2 3 4 1 1 4 1 3 2 2 3 3 2 1 2 4 3 1 1 3 3 4 3 3 3 2 1 1 3 2 1 2 1 3 4 4 1 4 2 4 2 1 4 1 3 3 3 1 3 2 2 3 1 1 1 1 2 3 4 4 2 1 4 4 2 4 1 1 1 2 1 3 3 4 3 2
4 4 2 1 3 3 1 3 1 3 1 3 3 2 3 1 2 3 1 1 3 3 2 3 1 4 2 2 1 4 4 4 1 4 3 1 1 2 1 4 3 1 1 4 1 3 2 1 4 1 1 3 4 2 2 2 3 3 2 4 3 4 2 3 3 2 4 2 2 3 3 2 2 3 2 1 3 4 2 4 2 2 2 4 1 3 3 2 3 3 1 2 4 1 1 2 2 3 2 2
4 2 1 2 3 1 3 2 3 2 3 4 4 4 4 1 4 4 2 3 4 4 2 1 4 2 4 1 1 3 2 4 2 1 2 1 2 4 3 1 2 1 1 1 1 1 2 4 2 3 2 1 1 4 4 4 1 2 4 2 2 2 2 4 1 1 3 4 1 3 1 3 3 2 1 3 1 4 4 1 2 4 4 1 4 3 3 4 3 3 3 1 1 2 1 3 1 4 3 4
3 2 1 4 1 4 3 4 2 3 1 2 3 4 3 1 4 2 4 4 4 2 4 2 4 2 2 1 4 1 2 3 4 3 3 1 3 4 3 1 3 2 3 1 1 2 2 2 4 4 1 1 3 3 3 2 1 1 3 4 4 1 1 1 4 1 2 2 3 4 2 2 4 4 1 4 2 4 3 3 4 2 4 3 1 2 1 2 4 2 4 2 1 4 1 4 3 2 2 4
2 2 4 1 2 1 1 2 1 2 2 1 1 4 1 1 4 2 1 1 2 2 3 2 4 1 4 2 1 2 4 4 3 3 4 2 4 4 3 1 3 1 2 1 1 1 2 1 1 4 1 3 3 1 2 4 3 2 3 3 1 2 2 3 3 2 1 2 4 2 2 2 3 1 1 2 2 2 2 2 1 1 1 4 1 2 2 3 2 3 2 3 4 4 3 1 2 3 4 4
1 4 3 4 4 1 3 3 2 1 3 3 1 3 3 4 3 2 4 2 4 2 4 1 2 1 2 4 3 3 2 4 2 3 4 2 1 2 3 3 3 3 3 3 3 4 3 3 3 4 1 1 2 4 2 4 3 2 2 3 2 4 3 3 4 3 4 2 1 2 2 4 2 4 3 2 2 1 1 4 2 2 1 3 4 4 3 3 1 4 1 1 4 4 2 3 1 1 1 2
2 3 4 1 2 2 3 1 4 4 3 1 2 1 2 4 4 3 1 1 1 2 1 1 1 3 3 3 2 1 1 2 4 1 2 1 1 2 4 4 3 3 3 2 3 2 4 1 4 2 2 2 4 4 2 2 4 1 3 4 3 2 2 1 4 3 4 2 2 3 1 4 1 3 4 2 4 1 3 4 4 1 2 4 2 2 3 3 3 1 1 4 3 2 2 2 3 2 2 4
4 2 3 4 3 4 1 3 2 2 2 3 4 2 4 2 1 1 2 4 2 4 2 2 3 3 2 2 2 4 2 1 3 3 3 4 1 1 1 2 3 1 1 1 3 3 3 1 2 4 2 2 4 4 3 1 4 4 2 1 4 2 3 1 3 4 3 4 4 3 3 4 3 2 4 4 2 3 1 2 4 2 3 3 3 4 2 1 2 1 3 1 4 1 4 3 3 3 1 1
2 2 1 4 4 2 4 1 3 4 3 1 4 1 1 3 1 2 1 4 1 4 1 3 3 3 4 3 3 1 4 1 1 1 2 1 4 4 1 1 2 1 3 1 4 4 2 4 1 4 4 1 4 4 1 2 3 1 1 2 3 2 2 3 1 4 2 2 2 4 2 2 4 2 3 1 1 1 3 4 3 1 3 2 4 4 2 2 2 1 1 4 4 1 3 3 4 2 4 4
3 1 4 4 1 2 4 2 2 2 3 4 3 3 2 3 4 3 3 4 3 1 1 4 1 3 2 3 3 4 1 1 2 4 2 2 3 4 3 4 3 2 4 2 4 3 4 3 2 2 4 1 2 1 4 3 1 3 4 4 1 1 3 3 2 4 4 4 1 1 1 2 1 4 2 3 2 3 3 3 2 4 3 4 1 3 4 1 3 4 4 2 3 1 4 2 1 1 1 2
4 4 2 4 3 4 1 1 4 4 2 3 2 3 3 1 2 1 2 1 4 1 1 4 3 2 3 4 2 4 1 1 4 2 2 2 3 1 4 3 2 1 3 1 1 1 3 4 4 2 3 3 2 2 4 2 3 4 2 4 2 3 2 3 2 1 2 2 3 1 1 4 1 4 1 1 3 3 1 2 2 4 2 1 3 3 1 4 1 2 3 3 4 1 1 1 1 2 2 3
1 4 3 2 2 2 3 3 2 1 2 1 1 4 1 3 1 2 3 2 3 1 3 1 3 2 2 3 1 3 3 3 2 3 1 4 3 4 1 2 4 4 3 3 2 2 1 4 2 2 3 4 2 3 4 3 2 3 1 3 2 3 3 3 4 4 2 4 1 3 4 3 1 1 4 4 3 1 2 2 3 3 1 4 3 2 1 3 3 3 2 1 4 4 1 4 1 2 4 3
4 2 4 2 4 1 3 4 3 1 3 1 3 1 2 4 3 2 3 2 4 4 3 1 2 4 2 3 2 1 4 1 4 1 1 3 4 2 2 1 2 1 3 4 2 2 4 2 1 3 1 4 3 2 1 3 2 2 1 3 4 4 3 2 1 1 2 3 1 2 3 3 1 3 4 1 1 3 1 2 3 1 1 1 3 3 4 2 4 2 3 4 3 2 2 3 3 4 4 3
1 4 4 4 4 1 4 2 1 1 3 1 3 3 3 3 2 3 4 4 1 1 1 4 2 3 3 2 4 4 3 4 2 2 1 4 3 3 3 2 1 4 1 3 2 3 1 3 1 4 2 1 4 3 1 3 1 1 4 2 2 4 2 2 3 2 2 2 2 1 2 1 4 3 4 3 4 3 1 4 2 1 2 4 2 3 4 1 3 2 2 3 1 1 1 3 1 2 2 3
2 3 3 2 3 3 1 3 2 1 3 1 3 2 1 3 2 2 2 2 1 2 3 3 4 1 3 4 1 2 1 4 2 1 1 2 1 1 1 2 1 4 3 1 2 3 1 3 1 2 1 1 1 1 1 2 4 3 1 4 1 4 2 4 4 1 3 4 3 4 3 3 3 4 4 3 3 1 1 4 4 2 1 4 3 3 4 4 1 4 4 4 2 1 1 4 2 2 4 4
2 4 3 2 2 4 2 3 1 4 2 3 2 1 1 2 3 1 2 2 2 4 3 4 3 3 1 4 4 3 4 3 2 1 1 4 3 4 2 4 4 4 3 2 1 4 4 3 3 4 1 1 1 2 2 3 1 3 4 1 1 2 2 2 4 4 1 4 3 4 2 1 1 1 3 1 1 3 1 1 4 4 1 1 4 3 4 2 3 2 2 4 2 1 4 2 4 4 3 2
1 2 2 4 4 1 2 3 2 1 1 3 1 2 3 2 4 3 4 4 3 4 2 3 2 4 2 2 4 1 2 1 4 4 3 3 4 3 3 4 3 1 1 1 2 2 3 2 3 3 2 2 2 3 4 4 2 2 3 4 2 2 2 1 3 3 3 3 4 2 3 2 4 3 1 4 1 1 4 1 4 4 2 4 3 2 2 1 4 4 3 1 1 2 4 2 1 3 3 4
3 1 1 4 4 2 2 3 4 4 3 3 2 4 3 2 4 3 4 3 3 4 4 1 3 1 1 3 1 3 1 3 1 4 1 3 4 1 4 4 2 2 2 4 2 3 4 1 4 3 4 3 1 2 1 2 3 1 3 1 2 3 4 2 2 1 2 2 1 1 2 3 1 3 4 1 1 3 3 1 2 1 1 1 2 3 3 3 4 3 4 1 3 1 1 3 1 3 3 3
4 4 1 4 1 3 3 3 4 2 4 3 3 4 3 4 1 3 4 2 2 4 1 1 2 4 1 3 4 4 4 2 2 3 2 1 2 2 3 3 4 4 2 2 1 4 1 2 1 1 2 1 1 2 2 2 1 4 1 3 3 2 1 1 1 4 2 4 3 2 1 3 4 2 2 3 1 2 3 4 3 4 3 1 4 2 1 1 1 4 1 3 4 1 3 2 2 1 3 3
4 1 2 3 1 3 3 2 3 1 3 1 1 2 2 2 2 3 1 2 3 3 4 2 2 2 2 2 2 2 4 2 3 3 2 1 2 3 4 1 3 4 1 2 3 3 2 1 2 3 4 2 1 4 2 3 3 1 4 1 4 1 2 1 2 3 1 4 1 4 1 1 3 4 1 3 2 2 2 1 3 2 2 2 3 4 4 2 4 2 2 1 4 1 2 4 1 4 3 1
4 1 3 3 2 4 1 4 2 1 4 4 4 2 1 2 1 3 3 4 2 3 4 4 3 3 1 4 2 3 4 4 4 4 1 2 4 4 3 3 3 1 3 4 2 2 3 2 2 1 1 3 3 2 3 4 1 4 2 3 1 2 3 1 2 4 1 3 4 2 1 2 3 1 4 2 4 2 3 3 4 1 1 2 4 1 3 4 4 4 3 3 3 1 2 3 3 4 3 3
1 2 1 1 1 4 1 2 3 2 3 2 1 1 3 3 3 3 1 4 2 3 3 1 1 4 2 2 3 2 3 2 3 4 3 1 2 2 3 2 3 2 4 1 1 3 1 2 3 3 1 2 2 2 2 2 2 1 4 2 3 4 2 4 3 4 4 4 1 4 2 4 2 2 4 2 4 3 1 2 3 3 3 1 4 1 3 1 2 1 3 4 1 3 2 3 2 3 1 1
1 1 1 4 3 2 4 4 2 3 3 4 2 1 4 4 1 4 1 3 4 3 4 1 4 2 4 4 3 1 1 1 2 1 3 4 2 1 3 3 3 1 2 2 3 2 3 3 2 4 3 2 4 1 1 1 4 2 3 4 1 3 4 4 2 4 2 3 3 4 4 3 1 4 4 2 3 4 3 4 3 4 4 4 3 1 2 2 3 1 2 4 2 3 4 3 2 2 1 3
2 3 2 4 1 1 2 2 1 3 3 2 2 3 3 2 4 3 3 1 1 2 2 3 2 2 4 3 2 3 4 4 4 1 1 4 1 4 3 1 1 1 2 4 1 3 4 1 2 3 4 1 1 2 4 2 2 4 2 1 3 1 2 4 4 3 1 4 4 4 2 1 3 4 4 3 4 4 4 1 2 3 1 1 2 4 1 4 4 1 2 4 4 3 3 2 2 4 3 2
2 3 1 2 3 4 2 4 3 4 3 2 1 4 2 3 4 2 2 2 1 1 1 4 4 3 1 4 1 3 2 3 3 1 3 4 2 1 3 4 3 2 4 2 2 4 3 1 3 4 2 2 4 3 2 2 2 2 4 4 3 2 4 3 2 1 2 1 1 3 4 3 1 2 3 3 3 4 1 2 2 1 3 2 2 3 4 1 2 1 1 1 2 1 1 1 4 4 4 2
3 2 1 2 1 4 4 3 3 1 3 3 1 3 1 4 4 4 2 3 1 1 1 2 1 4 1 2 3 1 2 4 2 2 2 4 3 1 4 4 4 4 2 2 4 2 2 4 4 4 3 1 1 2 4 3 2 3 3 4 1 3 2 4 1 4 2 2 4 3 3 2 2 4 4 1 1 4 3 4 3 3 1 4 4 4 3 3 3 4 3 1 3 4 1 4 4 4 3 4
2 4 3 1 4 3 2 4 1 3 1 4 4 1 1 3 4 2 4 2 2 2 2 2 2 2 4 3 3 2 4 1 3 4 4 3 3 3 3 1 2 3 3 4 3 4 3 1 1 3 1 4 1 4 4 3 3 4 2 1 3 2 2 2 2 3 1 3 2 4 2 1 1 1 2 4 4 2 3 3 1 3 2 4 1 2 3 3 4 3 3 3 2 4 2 4 4 2 2 2
2 3 2 3 3 1 4 1 2 3 4 1 3 1 4 4 1 3 1 3 1 1 4 4 4 2 4 4 2 3 2 4 2 3 2 2 2 3 3 4 3 2 4 4 4 2 1 2 4 2 4 1 2 1 3 4 3 4 3 3 1 1 1 3 4 2 1 1 2 3 4 1 2 1 2 1 4 4 1 3 3 1 3 3 2 3 1 2 3 1 4 4 3 2 1 2 1 4 3 3
1 2 1 2 4 3 4 3 1 1 4 2 1 3 3 2 1 1 2 3 4 1 1 2 1 1 3 4 2 2 4 3 1 2 3 4 4 2 1 2 3 3 2 3 1 2 4 1 2 2 4 1 4 3 4 1 2 1 1 1 4 2 4 4 2 4 2 2 3 3 1 2 1 4 4 1 3 3 4 4 3 4 3 2 4 4 2 3 2 2 4 2 1 2 1 2 2 4 2 2
1 1 1 4 2 3 1 1 4 4 2 3 1 4 3 1 2 4 4 2 2 3 2 1 3 1 2 4 1 4 4 1 4 3 1 1 3 3 4 3 1 2 2 2 3 4 1 3 4 1 3 3 2 3 2 1 1 3 2 4 2 2 2 1 4 1 2 2 1 1 4 1 4 3 2 3 3 1 4 1 1 2 3 4 4 3 2 3 4 1 2 2 1 1 4 3 2 2 4 3
2 1 1 3 3 3 3 4 1 2 2 3 2 1 1 1 1 3 3 4 3 1 2 3 2 4 2 2 1 2 1 1 4 1 2 4 3 3 3 2 4 2 2 2 3 3 3 3 4 1 4 1 3 1 3 3 2 4 1 2 4 4 4 4 2 2 3 1 2 3 1 4 2 4 3 1 1 2 4 1 1 3 2 1 2 4 1 2 2 4 3 1 4 4 3 2 3 3 1 3
4 1 1 3 3 3 2 3 4 2 1 2 1 2 4 2 1 2 2 2 1 4 3 3 1 4 4 2 2 2 4 2 1 1 2 4 1 2 1 1 2 2 3 2 3 4 1 3 3 2 4 4 1 4 3 2 1 2 1 2 3 4 4 1 2 3 4 1 3 2 1 2 2 3 2 2 3 4 4 3 4 3 2 1 1 2 2 1 1 3 2 4 4 1 3 3 3 3 3 2
4 3 2 3 2 4 4 2 1 2 4 4 2 3 3 4 2 3 4 4 3 4 4 1 4 4 1 1 3 4 2 2 2 1 4 2 4 2 3 2 2 3 2 1 2 1 2 4 4 3 1 1 3 2 1 2 4 2 3 3 1 2 1 3 2 1 4 4 3 3 3 4 3 1 2 3 3 3 3 3 4 1 2 4 4 2 1 4 3 1 1 3 1 3 4 1 4 3 1 4
2 4 1 3 2 3 2 2 2 3 4 1 4 2 3 1 3 1 1 1 4 2 2 2 2 4 2 3 1 2 3 4 2 1 4 4 3 1 1 1 3 1 2 2 4 4 3 2 1 2 2 2 3 2 1 1 4 4 1 3 2 1 1 4 3 3 1 1 4 4 3 4 4 1 1 4 3 4 4 3 4 3 3 1 3 4 1 3 4 2 4 1 1 4 4 4 2 3 4 1
1 2 1 3 3 3 4 3 4 3 4 2 2 3 4 1 4 1 2 4 2 2 2 2 3 4 2 3 3 2 2 2 1 2 1 4 1 4 1 2 1 3 1 3 1 2 1 3 4 4 2 3 1 2 4 2 3 1 1 1 4 2 4 3 1 1 2 3 4 1 4 1 3 3 1 2 2 2 2 4 3 4 3 4 3 4 2 2 1 2 2 4 4 3 3 4 1 4 2 3
3 1 1 4 3 1 4 2 1 1 3 2 3 4 4 2 3 3 1 2 3 1 1 2 1 1 1 4 1 3 4 3 2 3 2 1 4 2 1 4 4 3 3 2 3 1 1 4 1 1 1 3 4 4 3 1 4 2 2 4 2 3 2 4 4 2 4 4 2 1 2 1 4 2 1 4 1 1 3 2 3 3 4 3 4 2 4 1 2 4 2 2 4 2 3 3 3 3 2 4
3 3 3 2 1 1 4 1 4 4 3 3 4 3 3 3 1 4 1 3 3 1 2 4 3 3 2 3 1 2 3 4 2 4 1 2 2 3 4 1 3 1 3 2 3 1 3 4 1 1 1 2 3 3 2 4 2 4 3 4 2 1 2 2 1 3 3 4 2 3 2 4 1 4 1 1 1 3 2 3 4 3 1 1 4 2 4 1 4 2 4 4 3 4 3 2 3 1 4 1
79 24
9 55
29 91
100 75
71 57
4 54
44 74
83 72
50 18
74 50
36 35
5 68
60 13
12 42
20 78
21 33
96 61
54 55
85 13
25 10
22 47
31 14
1 32
48 26
11 13
11 61
39 71
16 30
16 22
53 18
27 95
63 61
42 2
77 20
86 59
14 61
73 15
91 60
57 10
52 81
97 54
34 63
13 2
69 46
37 25
6 9
26 3
66 92
88 60
18 40
26 86
49 57
17 97
40 24
68 75
24 64
47 13
93 97
52 58
40 32
3 46
29 32
69 91
65 18
20 24
3 92
64 55
1 1
8 73
99 73
53 37
39 54
62 84
13 28
4 31
93 80
26 47
7 19
61 51
18 3
18 95
99 85
99 29
51 38
67 5
36 27
40 38
15 6
53 11
86 29
6 26
47 36
80 62
25 94
70 76
39 28
45 9
15 57
14 66
97 20
42 62
60 30
6 59
17 82
41 75
80 32
19 93
91 24
81 88
68 96
19 59
100 2
68 86
35 58
42 38
92 56
29 20
5 39
94 77
7 15
84 16
69 55
53 60
32 41
28 94
20 4
3 22
90 86
84 46
98 10
81 77
76 39
87 30
33 10
12 28
13 70
58 50
81 27
92 11
15 79
1 96
54 25
100 71
8 39
62 23
32 91
89 42
11 69
90 61
27 82
10 79
6 31
37 17
63 41
78 97
25 28
27 9
82 59
50 80
48 39
9 25
29 1
8 90
22 18
100 92
32 12
50 23
24 95
31 52
100 81
8 20
43 53
19 25
78 59
81 63
19 19
9 85
32 48
67 49
22 86
93 36
56 93
20 85
85 22
20 47
56 2
5 87
49 12
1 27
71 69
43 15
15 83
82 13
73 85
91 64
63 10
88 30
37 4
37 62
31 61
3 84
46 6
65 26
21 66
7 65
46 35
74 96
95 76
50 42
12 78
45 93
44 66
52 34
51 71
3 62
6 85
34 47
55 91
31 69
92 1
53 93
34 91
3 73
37 33
86 10
13 86
53 81
68 53
85 65
3 30
69 95
75 94
82 73
30 23
37 45
68 69
35 93
74 42
54 3
7 70
