100 4 240
2 1 1 2 2 3 3 4 1 3 3 3 3 2 3 3 2 2 3 4 3 3 1 2 3 1 4 2 3 4 2 3 1 4 2 4 2 4 1 4 3 2 3 4 3 3 4 4 3 3 1 3 3 4 4 4 1 1 2 1 1 4 2 1 3 3 2 3 2 2 2 3 3 3 2 2 2 2 2 3 3 3 2 3 4 4 1 2 2 2 2 1 1 2 3 2 2 3 4 3
3 3 1 4 4 3 3 3 4 3 3 2 2 1 1 2 3 2 1 3 4 2 4 4 1 1 1 1 3 4 1 4 2 1 3 2 3 4 1 1 2 2 2 1 2 4 3 4 2 2 2 2 1 2 4 2 2 3 3 4 2 4 1 2 4 4 1 1 3 4 2 4 4 1 1 4 2 3 2 4 1 2 2 2 3 1 3 4 1 2 1 1 3 2 2 4 4 3 3 4
3 2 2 2 2 3 3 4 1 2 2 1 1 4 3 1 1 3 2 2 4 2 3 2 1 2 4 4 2 4 1 1 3 3 2 2 2 1 3 2 1 3 3 2 3 3 4 3 1 3 1 1 2 3 4 1 4 1 2 4 2 2 4 4 3 3 1 2 3 3 1 3 4 2 3 3 4 1 3 1 4 2 2 1 1 2 1 4 3 4 3 1 1 2 4 4 2 1 1 4
1 2 2 2 1 2 2 3 2 2 2 1 4 2 1 1 4 1 1 3 3 2 3 3 4 2 1 2 1 2 4 1 2 4 3 4 2 4 4 2 4 3 4 3 1 2 4 3 3 4 3 1 4 3 4 1 3 3 2 3 2 4 2 1 2 1 1 4 3 1 1 1 1 2 4 3 1 2 3 1 2 2 1 1 1 1 3 4 4 2 3 1 2 4 1 4 4 4 1 2
4 2 2 1 4 1 3 2 1 3 3 3 4 3 4 4 2 2 4 1 2 2 3 1 1 1 1 1 1 1 1 1 4 3 3 3 4 1 1 2 4 1 4 3 4 1 3 3 1 1 2 4 3 1 3 4 3 1 1 3 3 4 3 1 2 3 4 2 3 2 3 1 1 1 4 4 4 1 1 4 2 1 3 2 1 3 3 4 3 2 4 2 3 4 4 2 2 4 3 3
2 2 1 1 4 4 2 3 3 3 2 3 2 3 2 2 2 1 1 2 3 3 3 2 2 4 4 4 3 3 1 1 3 2 1 1 2 3 3 1 2 3 3 1 1 4 4 4 1 4 3 3 4 1 4 3 1 1 3 4 4 1 4 3 2 4 4 4 1 4 3 1 3 3 4 1 1 2 1 3 3 1 2 4 3 4 2 2 4 4 3 2 3 3 3 2 1 3 2 3
1 2 2 1 2 4 3 2 3 4 2 4 3 2 3 3 2 3 2 3 4 2 4 2 3 3 3 3 4 4 1 3 1 2 3 2 2 3 2 3 1 4 2 1 3 4 4 1 2 2 3 4 1 3 3 2 3 1 1 1 3 2 2 2 1 2 4 4 4 1 2 1 1 2 2 2 4 4 2 3 2 3 3 1 3 2 2 4 3 1 2 4 4 3 3 1 3 4 4 2
1 2 4 3 3 4 1 4 4 1 4 2 4 4 4 1 2 3 3 1 3 4 2 4 2 1 1 1 1 2 4 1 1 2 1 1 1 1 4 3 4 3 3 1 4 2 4 4 1 4 2 1 3 2 3 3 1 3 4 4 4 3 1 2 3 1 2 4 2 2 3 1 3 1 1 4 1 3 2 1 2 4 4 3 3 1 4 1 1 2 1 1 2 2 3 2 2 1 3 1
3 3 1 2 4 3 1 3 3 1 2 1 2 1 4 4 3 1 4 4 4 2 4 3 3 2 1 2 1 2 4 3 2 2 4 3 4 3 2 4 1 1 1 4 4 3 2 3 1 4 3 4 2 2 1 2 3 2 1 2 3 2 4 4 3 1 4 3 1 4 2 3 3 2 4 4 4 1 2 4 1 4 1 4 2 3 1 1 4 4 1 3 4 1 4 4 3 3 2 1
4 2 1 4 2 2 4 2 3 3 2 1 2 4 1 4 4 1 4 4 1 4 2 4 1 1 2 1 4 1 3 3 2 1 3 4 4 4 3 2 2 4 1 3 2 1 3 2 3 2 2 1 3 2 2 2 3 2 4 1 2 2 3 4 4 3 2 2 1 2 3 2 2 1 2 4 3 1 2 1 4 4 4 4 3 4 3 2 3 2 1 2 4 2 3 4 3 1 4 2
1 2 2 4 2 4 2 1 2 1 4 1 2 1 3 4 3 1 2 2 1 3 2 2 1 1 2 4 3 1 4 2 1 4 4 1 4 3 3 1 1 4 4 4 3 2 4 3 4 4 4 1 1 1 2 2 2 3 4 3 1 1 1 4 4 4 3 1 3 4 1 1 1 3 2 1 2 4 1 2 1 2 4 4 1 3 1 4 1 1 3 1 1 3 1 1 2 4 2 3
3 4 1 3 1 4 3 2 1 4 2 2 3 2 1 1 1 1 4 3 4 4 3 4 3 4 3 3 3 3 3 1 4 3 1 4 3 1 2 4 3 2 2 3 1 2 4 4 3 3 2 1 4 1 2 3 3 3 4 2 3 1 3 3 1 2 2 2 4 1 3 3 4 1 4 2 2 3 3 3 3 4 4 4 3 3 2 1 3 4 2 1 3 2 4 1 2 4 2 2
3 3 1 3 2 1 3 1 4 1 2 2 2 3 2 3 3 4 4 3 2 4 4 3 2 4 4 4 3 2 1 3 4 1 3 4 4 1 2 2 1 2 4 4 4 3 3 2 1 4 3 2 3 2 1 2 3 4 2 4 4 1 1 2 4 2 1 1 2 4 3 1 1 3 3 3 3 3 4 3 4 3 3 2 1 4 3 1 4 3 1 4 4 1 1 2 4 4 2 2
1 3 2 1 2 4 2 3 4 3 1 3 4 3 1 4 3 2 2 1 4 2 4 2 1 1 1 2 3 4 3 2 4 4 3 4 3 1 4 1 4 1 2 2 4 1 4 2 3 3 1 2 1 2 1 1 2 3 1 2 4 2 3 1 3 2 3 2 4 2 1 4 1 2 3 3 3 1 2 2 3 2 3 1 1 4 1 3 3 4 3 1 2 4 4 3 4 3 4 2
3 3 4 1 2 2 3 3 3 3 1 4 3 2 3 1 1 1 1 3 1 1 4 2 2 4 4 3 1 1 4 1 4 3 1 1 3 3 3 1 3 1 3 1 2 3 4 1 4 3 4 4 4 2 1 3 1 4 3 4 1 4 1 3 2 3 4 4 1 4 1 4 3 1 4 4 3 3 1 3 2 1 4 1 2 1 1 1 2 4 4 4 4 4 3 1 3 2 2 2
4 3 3 3 3 2 2 1 4 4 1 2 2 3 3 4 2 2 1 1 2 4 4 4 1 3 3 1 4 1 3 2 1 3 3 1 1 3 1 2 2 2 3 3 3 4 2 2 4 1 3 2 4 2 1 3 1 3 1 4 1 2 1 3 2 2 2 2 2 2 4 3 2 4 2 3 2 1 1 2 2 4 1 4 2 3 2 1 1 3 1 4 1 1 2 3 4 3 3 4
2 2 4 3 3 4 1 2 4 1 3 1 4 2 2 1 2 1 3 1 4 3 2 4 4 3 3 4 2 3 4 1 4 2 3 4 2 3 2 2 4 4 4 3 3 4 1 4 1 2 3 2 3 2 1 1 3 4 3 4 4 4 1 2 4 3 4 3 1 1 1 1 1 4 4 3 1 4 1 2 1 3 1 4 4 1 4 2 1 1 1 4 1 4 1 3 1 3 3 2
4 3 3 1 3 1 2 4 3 1 4 2 3 1 4 1 2 2 2 1 1 3 3 1 3 2 3 3 4 1 1 4 1 1 4 3 3 1 1 2 1 4 3 4 3 3 4 3 3 3 3 4 3 4 2 1 4 1 3 1 1 2 2 1 2 3 1 4 1 4 2 4 4 3 4 2 3 3 1 4 3 2 3 4 4 1 4 2 3 3 4 4 3 1 4 4 3 1 1 3
4 2 1 4 2 3 4 4 2 2 4 1 4 3 2 3 1 3 2 2 2 2 1 3 1 2 4 2 3 4 4 4 1 1 4 1 2 3 4 1 2 2 1 4 3 1 3 2 1 2 1 1 1 4 2 3 4 1 4 1 4 2 1 4 2 3 2 2 4 3 2 3 1 1 4 4 3 4 2 3 1 3 1 2 2 3 3 1 2 2 3 4 3 4 4 3 2 3 1 4
4 1 3 4 2 3 4 4 4 4 4 2 1 2 2 3 2 4 1 4 4 3 3 3 3 4 4 4 1 4 2 3 4 2 3 3 1 3 1 2 2 2 4 3 4 4 2 3 2 1 1 3 3 3 1 1 3 4 3 3 3 3 4 1 2 2 2 4 1 2 3 4 2 3 2 2 4 2 4 1 3 2 2 1 4 1 1 4 2 2 4 4 3 3 2 3 3 1 4 1
4 3 2 1 3 2 3 1 4 1 2 1 1 2 4 2 2 4 3 1 2 2 4 4 4 3 1 1 2 4 3 1 3 1 1 1 2 2 1 4 3 4 4 4 1 2 1 4 3 3 3 4 3 4 4 4 4 1 2 2 1 1 2 2 3 1 4 2 2 2 2 4 3 4 1 1 1 4 3 3 4 2 3 1 1 4 2 3 1 1 4 1 2 1 3 4 4 2 3 1
2 1 4 2 3 2 3 3 4 3 2 4 2 1 4 3 1 4 1 3 3 2 2 4 3 1 3 3 4 3 1 3 2 2 4 2 4 2 1 2 3 4 2 2 1 3 2 4 4 2 2 3 4 3 4 2 1 4 3 2 2 3 3 1 3 2 3 1 3 4 3 3 3 3 1 2 3 3 4 4 3 4 3 4 1 2 3 4 4 1 3 2 1 2 4 4 2 2 4 4
4 2 4 4 2 1 4 1 3 3 3 3 4 3 3 4 1 4 2 1 3 2 1 2 2 1 2 3 3 2 2 4 3 4 4 4 3 3 1 3 3 1 4 3 1 4 3 1 4 1 4 4 2 2 3 4 1 2 1 4 4 1 4 4 3 3 4 4 2 1 3 3 1 2 1 2 1 1 4 4 3 1 3 2 3 4 4 2 3 4 3 2 2 2 2 1 1 2 4 1
2 4 2 2 3 4 1 4 3 4 4 4 1 1 2 3 2 4 4 4 2 2 3 3 1 4 3 4 4 2 4 1 3 2 1 2 3 3 3 4 1 3 4 3 1 1 2 1 3 4 4 2 2 3 1 4 4 4 2 2 2 4 4 1 4 2 2 3 4 3 1 4 4 2 1 3 3 1 3 2 4 4 4 1 3 3 2 3 3 4 2 2 1 1 2 3 3 1 3 4
4 1 3 4 1 2 3 1 3 4 1 1 1 1 4 4 2 3 4 3 4 3 3 2 4 3 2 1 3 3 3 3 4 1 2 2 3 4 4 1 1 2 1 4 1 4 1 2 3 3 3 3 3 4 4 1 3 2 4 4 3 1 1 4 4 2 1 1 4 1 3 4 1 3 2 3 4 3 1 3 4 4 3 3 1 4 4 3 1 4 3 1 2 1 3 4 3 3 2 4
2 1 3 4 2 3 3 1 1 1 4 2 4 4 2 4 3 4 4 2 4 4 2 4 3 1 2 3 4 1 3 2 3 4 1 1 4 2 3 3 1 2 3 4 2 2 1 4 1 1 3 1 1 3 3 2 2 1 4 2 1 1 2 1 1 1 1 4 4 3 2 3 3 3 2 2 1 3 2 2 3 4 1 2 4 2 4 1 4 4 4 2 1 2 1 1 1 1 3 4
4 4 1 1 3 4 3 4 3 4 1 1 1 3 4 3 4 1 4 2 3 4 3 4 3 3 1 3 3 3 1 2 2 4 3 1 3 3 3 1 1 1 2 1 4 2 2 1 3 3 2 1 2 1 3 4 4 4 1 4 4 4 4 2 1 4 1 1 3 3 3 3 2 1 1 4 3 4 3 4 3 2 1 1 4 1 1 3 4 4 3 1 4 4 4 3 4 4 1 4
2 2 4 4 1 2 2 1 1 2 4 3 3 1 2 3 3 3 4 1 4 3 1 4 2 1 4 1 1 1 2 2 4 2 3 3 2 2 4 1 2 2 4 1 2 4 4 1 2 2 4 1 1 4 1 2 4 3 1 2 4 2 2 1 1 1 4 3 2 2 2 4 1 1 3 1 4 1 4 1 2 4 1 1 4 1 1 1 3 2 4 3 1 3 4 4 2 1 4 3
4 3 4 2 2 3 4 4 4 1 4 2 2 1 1 3 1 4 1 2 1 2 3 2 1 2 2 4 4 3 1 1 4 4 3 2 1 2 4 2 2 2 2 1 3 2 4 1 1 2 2 1 3 3 3 2 1 3 4 2 3 3 1 2 4 4 2 4 1 4 2 4 2 2 1 4 3 1 1 4 4 4 4 1 1 4 2 3 3 2 4 4 4 3 1 3 2 1 3 1
3 4 2 4 4 3 4 2 4 4 1 3 1 2 4 2 4 1 4 3 1 1 1 1 3 2 2 2 3 1 3 3 2 2 2 4 4 3 2 4 4 4 1 1 4 4 4 2 1 4 3 1 3 4 3 4 2 4 4 4 1 4 3 3 2 1 3 3 2 2 4 1 2 1 1 3 1 3 3 4 4 4 3 4 2 2 2 1 1 3 2 2 4 4 1 3 1 4 1 4
2 4 2 1 4 2 4 4 3 1 1 3 3 2 4 2 3 3 1 4 4 4 4 4 1 4 4 1 2 3 3 2 1 3 2 4 2 4 2 4 1 2 1 2 1 2 2 4 4 3 2 2 4 1 4 3 3 4 1 2 2 1 2 1 1 3 3 4 4 2 2 3 3 2 1 2 3 3 3 2 4 1 3 3 2 4 4 1 4 2 2 2 4 2 3 1 4 1 1 3
4 3 1 1 1 2 4 2 4 4 2 4 3 2 1 1 3 1 4 1 2 3 1 2 4 3 3 4 4 3 1 2 3 3 1 4 1 3 4 3 2 4 2 1 4 4 4 3 1 3 4 2 2 1 2 3 2 3 4 3 1 4 3 2 1 1 3 4 2 4 1 1 1 3 3 4 4 4 1 2 3 2 1 1 2 1 3 4 2 1 1 2 2 4 2 2 2 4 3 4
2 3 1 4 3 1 3 3 3 3 2 2 3 4 4 1 4 2 2 3 1 3 4 4 4 1 1 2 1 1 3 3 1 4 2 4 2 3 1 3 2 3 3 1 3 2 2 3 4 4 3 1 3 3 1 1 1 4 2 2 2 1 2 3 3 4 1 2 1 3 1 1 2 2 1 4 4 3 2 2 4 4 1 3 2 1 1 4 2 1 2 1 2 3 2 4 1 3 4 1
2 1 1 1 4 1 4 3 1 3 2 3 4 3 4 2 3 3 2 3 4 3 1 1 2 3 3 2 3 1 4 1 3 3 1 2 1 4 4 1 4 3 2 1 4 1 2 2 3 1 2 2 4 3 3 3 2 4 4 3 3 2 1 1 1 3 3 3 2 3 2 3 2 2 4 1 4 2 2 3 2 2 2 1 4 4 1 2 4 4 3 1 3 4 1 3 4 2 3 1
2 3 4 1 2 4 4 3 1 1 4 2 4 4 3 3 1 4 4 3 2 3 1 3 4 1 2 3 2 3 3 2 4 3 2 3 1 3 1 3 3 4 2 1 3 2 1 4 2 2 2 4 1 2 4 4 1 3 2 2 4 1 4 1 4 3 4 4 4 4 2 1 4 2 3 3 4 2 2 2 4 1 3 4 3 1 4 3 4 1 4 3 4 4 1 2 4 3 3 4
1 3 4 4 1 2 3 4 3 3 2 3 1 4 4 4 3 3 4 2 1 2 4 1 1 1 2 1 1 3 3 3 3 2 4 2 4 3 2 4 4 1 1 1 1 4 4 1 4 2 2 2 2 4 4 2 1 4 2 3 4 1 1 2 3 2 2 2 3 4 1 3 4 2 1 3 3 2 3 1 3 4 2 1 3 2 3 1 3 2 1 4 1 4 2 2 3 4 4 2
4 1 4 3 3 1 4 1 2 4 3 1 4 3 1 1 2 3 1 2 1 4 3 4 1 2 1 1 1 4 2 1 4 3 4 4 3 3 3 2 4 2 4 4 1 2 1 2 3 3 3 4 3 4 2 2 4 3 4 4 3 1 4 1 4 4 3 4 2 1 3 1 2 3 3 3 4 4 4 4 1 4 4 2 4 1 4 2 1 4 3 2 3 3 4 1 1 1 3 4
4 3 4 4 3 4 3 3 3 4 2 4 1 1 4 2 1 4 1 4 3 4 2 1 4 3 2 4 4 4 2 3 4 1 2 2 3 1 2 2 3 1 3 4 1 2 3 1 2 4 2 2 4 4 4 1 1 3 2 1 3 3 4 2 2 1 3 4 3 3 2 4 4 3 3 2 1 3 4 3 1 1 3 2 1 2 2 4 1 3 4 1 3 2 3 1 1 2 1 1
2 1 2 4 1 3 1 4 2 3 4 4 2 2 3 1 3 4 2 1 2 2 1 4 4 1 2 1 3 1 1 3 2 3 3 3 1 2 1 4 2 2 3 2 4 4 4 1 2 1 2 2 1 4 1 3 2 4 3 4 1 3 1 3 4 3 4 3 3 1 2 2 4 1 1 2 3 1 3 4 3 2 2 1 2 2 3 1 4 4 3 4 1 4 4 1 3 3 1 2
4 1 4 3 3 3 2 3 1 1 4 1 2 2 1 2 2 4 1 4 1 1 2 1 3 3 1 1 1 3 4 4 1 3 4 4 1 4 4 1 1 1 3 4 4 2 3 3 1 2 4 1 2 3 2 1 1 3 1 1 2 4 2 4 4 2 4 1 2 2 3 1 4 3 3 4 1 4 4 4 3 3 3 2 2 4 4 2 4 1 3 4 3 4 1 1 2 1 2 3
2 1 1 4 3 4 4 1 1 1 2 3 1 3 4 4 4 3 2 4 4 1 3 3 1 3 1 2 1 1 3 2 2 4 4 1 4 1 4 4 2 1 2 3 1 3 2 1 3 4 2 4 4 3 2 1 3 2 4 3 1 4 1 3 2 3 2 4 3 1 2 4 2 4 3 2 2 4 3 1 2 1 1 2 2 3 4 2 4 3 2 3 1 2 2 4 1 4 2 1
2 1 1 2 4 4 2 1 1 2 1 4 2 3 4 4 3 4 3 1 3 4 4 1 4 1 4 4 4 3 2 2 3 4 1 1 2 1 1 4 3 3 3 4 3 3 1 4 4 4 1 4 3 4 2 1 4 1 3 1 2 3 2 3 4 2 3 3 1 2 1 2 4 1 3 4 1 4 2 4 4 4 4 4 2 2 2 1 1 3 1 2 4 4 2 1 4 3 4 1
4 4 4 2 4 1 4 2 3 2 2 4 2 2 1 4 1 4 4 4 2 1 2 2 3 2 1 1 3 3 2 4 4 4 4 1 3 1 4 3 1 2 3 3 1 4 1 3 2 3 2 3 2 4 3 2 4 1 2 1 3 4 2 4 4 1 3 1 2 2 2 2 2 1 4 3 2 3 3 3 2 2 4 3 2 3 4 2 2 3 3 1 2 3 3 2 2 2 3 2
2 4 1 3 4 4 4 2 3 2 4 1 3 1 4 2 4 3 1 4 2 4 3 3 2 3 3 3 1 2 1 2 1 3 2 2 4 4 2 2 4 2 4 1 2 1 2 4 3 3 4 4 3 4 1 4 4 4 1 2 3 3 3 4 1 4 2 2 4 3 2 4 3 3 2 4 2 2 3 3 1 1 2 1 1 2 1 2 3 4 2 4 3 4 4 4 4 2 2 4
3 4 2 3 1 1 1 1 3 4 1 3 2 2 1 4 1 3 3 4 4 4 4 2 4 2 4 1 4 2 1 3 4 4 2 4 3 2 3 4 2 4 2 2 3 4 1 2 4 3 3 1 3 2 4 4 2 4 3 2 4 4 4 1 2 2 2 1 3 4 1 4 2 1 3 3 4 3 1 2 3 2 4 2 3 1 3 3 1 1 2 4 2 2 4 2 1 2 4 2
1 1 1 1 3 3 2 4 3 3 4 1 4 4 3 2 4 2 4 3 1 2 1 1 3 4 4 2 1 2 2 1 1 4 2 4 2 1 1 1 1 1 4 2 1 3 1 1 4 1 4 4 2 2 3 3 4 3 3 3 3 3 2 1 1 1 2 2 4 3 4 1 2 4 1 3 4 2 1 1 2 1 1 1 3 2 1 2 2 1 3 2 1 4 2 2 3 3 4 2
1 2 3 4 1 2 4 3 4 4 4 3 3 2 4 2 4 1 1 1 4 1 1 3 2 1 3 3 2 1 3 1 3 2 3 4 2 1 2 3 1 4 4 2 3 4 2 4 4 4 4 1 3 3 4 3 1 2 1 3 2 1 2 1 3 3 2 1 1 2 1 1 2 1 1 4 3 2 1 3 3 3 4 1 3 3 2 4 3 3 2 1 3 4 3 3 1 2 4 2
2 4 1 2 1 1 2 3 4 4 4 2 4 1 3 3 2 4 4 2 1 1 2 3 3 2 3 1 1 3 4 3 4 2 2 1 4 1 4 2 2 3 3 3 2 1 4 3 3 4 3 4 3 4 1 1 2 3 1 2 3 1 1 2 4 3 4 3 2 4 1 2 2 3 3 2 3 3 4 2 3 1 3 3 4 3 4 2 1 1 3 2 2 3 2 3 3 2 3 2
4 2 1 1 1 4 4 3 4 1 4 2 3 2 1 2 3 4 3 4 1 3 1 2 2 1 1 4 3 3 2 4 1 1 2 2 1 4 3 1 3 1 3 4 3 1 3 2 4 1 4 2 1 2 4 4 2 3 4 3 1 1 1 3 2 2 4 2 3 3 1 4 4 1 1 3 4 4 4 2 1 3 4 2 3 2 4 1 4 1 1 4 3 2 1 1 1 3 1 2
2 4 2 4 2 4 1 4 3 4 3 3 2 1 3 1 4 4 4 1 1 4 3 4 1 2 1 2 1 4 3 3 3 1 3 1 2 1 2 4 2 4 3 1 4 3 4 4 4 2 3 1 3 1 4 3 2 4 2 1 2 3 2 1 2 4 3 4 2 2 3 3 1 1 4 2 1 1 1 2 2 1 2 2 4 3 3 4 1 3 4 2 3 3 3 2 3 4 4 2
3 4 1 2 3 1 4 4 2 4 2 3 1 4 4 3 1 4 1 1 3 3 3 4 4 4 3 2 4 2 2 4 4 2 2 1 1 4 2 4 2 3 3 3 1 2 4 3 3 2 1 3 4 4 4 1 4 4 4 3 4 2 2 3 2 3 3 2 2 3 4 3 3 3 2 2 1 4 4 1 2 3 3 4 4 2 2 1 4 3 1 4 3 3 1 3 2 3 4 3
2 1 2 4 4 2 3 2 1 2 1 4 4 1 3 3 2 3 3 3 2 2 4 1 1 3 3 1 4 4 3 2 3 4 2 3 1 2 3 2 3 1 3 4 3 2 1 3 2 3 1 1 2 2 3 1 4 1 2 4 4 3 3 1 2 1 3 4 2 3 1 2 1 4 1 1 3 3 4 2 3 1 1 1 2 2 3 2 1 4 2 2 1 1 4 4 1 1 2 4
3 2 2 3 1 3 4 3 3 3 4 2 3 3 2 4 3 3 1 1 4 2 2 3 4 1 1 4 1 2 2 3 1 2 4 4 3 1 4 2 2 4 2 2 4 2 2 2 3 2 3 2 4 3 1 1 2 1 3 3 1 3 4 1 3 1 1 2 2 2 1 2 2 1 2 2 4 3 1 1 1 3 2 2 4 4 1 2 4 2 3 3 3 1 1 3 2 4 1 3
3 2 3 1 2 3 2 2 4 1 1 2 2 4 1 1 3 2 3 4 4 1 2 1 3 3 2 3 1 1 4 2 1 2 4 4 1 2 3 1 3 1 2 1 3 2 4 1 3 3 3 3 4 2 3 1 3 2 4 2 2 1 2 3 1 2 4 1 2 1 1 2 1 4 3 3 2 3 2 2 3 4 1 3 4 4 2 1 2 2 2 4 4 3 2 4 2 2 4 1
2 1 4 3 3 2 2 2 1 4 4 3 2 3 4 4 4 2 3 1 1 4 4 1 1 2 2 3 3 1 4 2 2 1 4 4 2 4 4 4 4 4 2 3 2 3 4 3 3 4 4 4 3 4 4 2 1 3 2 2 1 1 1 3 1 2 3 4 4 1 2 1 3 4 2 2 2 4 1 2 4 4 4 3 3 1 3 2 1 3 4 2 1 3 1 2 1 2 4 2
3 3 2 1 4 4 4 2 2 4 4 4 2 4 4 1 3 1 3 1 1 1 1 1 4 1 3 3 4 1 1 4 3 1 2 2 3 2 1 3 4 4 4 2 4 1 2 1 3 4 4 4 2 2 4 1 1 3 2 2 4 3 4 2 4 3 3 3 1 3 1 4 1 4 1 4 4 4 2 1 4 2 3 1 3 3 2 1 4 1 2 1 2 4 1 1 2 4 1 2
3 2 2 4 4 4 1 2 4 4 4 2 4 2 3 2 1 1 4 2 2 2 3 1 4 1 1 2 3 3 3 3 2 4 3 2 4 1 2 4 3 4 4 4 1 3 4 2 1 4 1 4 2 2 4 4 3 3 1 1 1 3 2 4 4 2 2 3 4 1 4 3 1 3 2 1 2 4 4 2 2 4 4 2 2 1 2 1 3 1 1 4 1 4 1 2 2 3 3 4
1 1 3 1 2 2 1 2 2 2 2 2 4 3 2 4 2 1 2 4 2 2 3 2 2 3 2 2 2 1 1 1 2 2 3 1 2 2 4 1 2 3 3 4 2 3 3 1 1 2 1 3 1 2 1 2 3 1 3 3 4 3 1 3 4 3 3 3 2 1 2 2 4 1 2 3 4 4 1 1 1 2 1 1 4 4 1 1 3 3 4 4 2 1 1 2 3 3 4 2
3 2 3 2 1 4 1 1 1 4 1 1 1 2 3 3 3 3 4 3 1 4 4 3 3 3 2 2 4 1 3 3 4 3 2 3 2 2 2 1 4 1 4 1 2 3 1 2 1 3 2 1 3 3 3 2 4 3 2 4 1 4 2 4 3 1 1 3 2 1 2 4 1 1 3 3 4 4 3 1 2 4 1 3 4 1 4 1 3 1 3 4 3 4 1 3 2 2 4 4
4 3 1 4 1 1 2 3 1 1 4 3 4 3 1 2 3 1 3 3 3 1 4 2 1 4 1 2 2 4 4 3 2 1 1 1 1 4 1 3 2 1 3 1 3 4 1 3 3 3 2 3 2 1 1 3 2 2 2 1 3 4 4 3 3 4 3 2 4 3 4 1 1 1 4 4 1 2 1 1 1 1 4 2 3 1 4 2 1 2 2 4 1 2 3 3 4 1 1 2
1 3 2 1 2 1 1 1 2 1 1 2 2 4 2 1 4 2 1 1 3 1 3 3 1 2 2 1 3 4 1 3 3 1 2 1 1 1 2 2 3 4 2 1 2 4 4 4 2 4 3 3 2 2 2 2 1 4 1 2 4 1 2 4 2 4 2 2 4 2 3 2 2 4 3 2 2 3 2 1 4 4 1 1 3 1 1 2 2 3 3 3 2 3 1 3 4 3 4 4
2 3 2 3 4 2 2 2 1 1 1 1 4 4 4 2 2 1 1 4 3 1 1 4 2 4 3 3 1 4 4 1 4 4 1 4 1 1 4 4 3 1 1 1 4 1 2 4 2 3 3 1 3 1 2 3 4 2 4 4 1 1 2 3 2 1 2 3 1 2 4 2 3 4 1 2 1 2 4 4 4 1 4 2 4 3 1 2 1 1 4 1 1 4 3 2 4 4 1 2
1 4 2 2 1 3 1 1 4 3 4 2 4 1 2 4 1 3 2 4 4 3 3 2 3 1 2 2 1 3 3 2 3 3 4 1 1 2 4 1 4 3 2 4 3 2 2 1 2 4 2 4 2 1 4 1 4 2 4 2 4 2 4 2 1 1 4 4 1 2 2 3 3 1 4 3 4 2 1 1 1 1 4 4 1 2 2 4 2 2 2 4 4 1 3 4 3 2 1 1
3 1 2 4 2 2 2 2 4 1 1 1 1 4 4 3 4 4 1 4 3 4 1 1 2 1 2 4 3 4 1 3 4 4 1 4 3 4 4 4 1 3 4 1 3 3 2 3 3 3 1 4 1 1 2 4 4 1 2 1 1 3 2 4 2 3 2 3 3 3 3 2 3 4 1 2 1 2 1 1 1 4 4 3 3 4 3 1 4 3 1 2 2 2 3 1 1 1 3 1
2 3 2 2 2 3 2 3 1 2 1 1 1 4 1 3 4 3 3 3 2 2 2 2 1 4 2 1 1 2 1 1 2 4 4 1 4 4 3 4 3 3 2 4 1 1 4 2 1 2 2 1 2 3 1 4 1 3 4 4 4 3 2 4 2 3 1 4 3 3 1 1 4 2 1 4 4 4 2 1 4 3 4 2 4 2 2 3 3 4 4 3 1 1 1 1 1 1 3 2
2 4 1 1 4 1 4 2 4 4 3 4 2 3 3 4 2 2 2 4 1 4 3 1 3 2 4 3 1 3 1 4 4 4 2 4 1 2 4 2 2 2 1 2 4 3 4 3 2 4 4 1 2 4 4 4 3 1 2 1 1 4 4 4 1 1 3 1 3 4 2 4 3 4 3 4 2 1 3 4 2 3 1 1 1 2 2 2 2 4 3 1 2 3 4 4 1 3 2 1
3 1 3 4 3 1 3 4 3 2 1 4 4 4 1 3 1 1 1 1 4 1 1 4 4 2 2 4 2 3 4 3 3 3 4 3 4 4 4 2 4 1 1 1 1 4 3 3 1 2 4 1 4 2 4 1 4 4 4 2 2 1 1 3 3 4 1 4 2 4 3 2 3 3 1 1 2 1 1 3 1 4 4 1 2 1 4 2 3 4 4 1 3 2 4 3 3 2 2 2
4 1 1 1 4 4 4 1 3 3 1 3 4 2 4 4 3 4 1 3 2 3 4 4 2 3 2 4 1 2 1 4 1 2 1 1 3 2 4 1 1 2 3 2 2 4 1 2 1 2 3 3 2 2 3 1 4 2 2 2 3 1 4 1 4 2 1 4 3 2 3 3 1 2 1 2 3 1 2 2 1 1 3 3 1 1 4 2 1 1 2 4 3 1 3 3 4 4 4 3
2 4 2 2 2 4 4 3 2 3 4 3 2 4 4 4 1 3 3 1 1 2 1 1 2 2 1 2 2 2 1 3 1 3 2 3 2 2 4 2 4 3 1 4 1 2 3 3 2 4 2 1 4 4 2 4 1 3 1 4 1 1 4 3 4 1 4 1 2 2 4 4 1 4 3 4 4 2 4 1 3 2 3 3 3 3 4 1 1 3 4 2 3 3 4 2 4 3 2 3
4 3 1 4 4 2 1 4 3 1 3 4 1 1 4 2 2 2 2 3 3 4 1 2 2 3 2 4 1 2 1 1 4 3 3 3 1 3 3 2 3 4 2 1 4 4 3 4 3 4 3 2 3 4 3 2 2 4 2 1 3 2 3 2 4 1 4 3 2 3 3 2 4 4 3 3 2 4 4 2 1 2 2 3 3 3 2 4 4 4 4 3 2 2 3 4 2 2 3 4
2 4 2 4 1 2 4 2 3 2 4 1 2 4 4 4 4 3 2 2 2 4 1 4 4 3 1 3 4 3 2 4 3 3 4 2 4 4 3 2 1 4 1 4 2 2 4 1 2 2 3 2 3 3 2 1 4 4 3 2 2 2 1 2 4 2 3 3 3 1 4 4 3 1 3 1 1 4 2 3 2 2 4 4 3 4 1 2 2 4 2 3 2 2 1 1 2 4 1 3
3 4 2 1 3 2 4 3 4 2 1 3 1 3 3 4 3 2 4 2 4 2 1 3 1 1 4 1 4 2 4 4 2 2 4 2 4 1 2 4 4 4 3 4 1 2 2 2 1 2 1 1 3 2 2 3 4 3 3 2 4 2 1 2 4 3 3 2 2 2 1 4 4 2 3 4 1 1 4 2 4 2 3 4 4 3 4 2 3 4 3 3 2 2 1 1 3 4 4 3
1 2 3 1 2 1 2 1 3 2 1 1 4 1 1 3 2 4 1 2 4 3 1 1 3 3 4 3 2 3 4 4 1 1 3 1 3 2 4 4 2 4 3 4 3 1 1 3 1 3 2 3 2 4 2 2 2 2 3 3 2 2 2 3 3 1 4 3 4 3 2 4 1 2 4 3 1 1 1 2 2 1 4 1 3 3 3 4 1 2 2 3 2 3 4 1 1 2 3 3
4 1 2 1 4 1 2 3 4 1 1 4 4 3 2 1 3 2 4 2 3 2 1 1 3 4 1 4 3 2 1 2 4 3 3 2 2 2 3 3 4 1 3 3 3 1 2 4 1 3 3 1 3 3 4 2 1 2 2 3 1 2 4 4 1 3 4 1 1 1 1 1 4 3 1 1 3 3 3 1 3 3 1 4 4 3 1 3 4 4 3 2 3 4 2 4 3 4 3 4
1 4 3 2 2 1 1 1 4 4 4 1 2 1 3 2 3 4 2 2 4 2 3 1 4 1 1 2 3 4 4 4 3 3 2 2 3 2 2 2 2 2 1 1 1 3 4 2 4 3 4 1 4 3 1 3 2 3 2 3 4 2 1 2 1 2 1 2 2 3 2 2 1 2 1 4 1 3 2 3 3 4 4 1 4 1 1 2 1 3 2 4 4 1 4 1 3 3 1 1
1 1 3 3 3 4 3 1 4 2 2 3 2 4 4 4 4 4 4 1 3 4 2 4 3 4 2 3 1 2 1 2 1 2 3 2 3 2 3 1 3 4 2 3 1 3 4 1 2 2 1 2 1 3 3 4 4 1 2 1 2 3 2 3 1 2 1 4 4 1 4 3 2 4 1 3 3 2 1 1 4 1 3 3 1 2 4 4 3 1 1 4 2 3 4 4 2 2 4 4
3 2 1 1 4 4 2 3 3 3 4 4 2 1 1 2 4 2 4 4 2 2 1 1 1 2 1 4 4 2 4 4 3 2 1 4 4 1 3 1 4 3 4 1 3 4 4 2 3 1 4 2 3 2 1 2 3 2 2 2 4 3 2 2 4 2 4 4 4 4 3 2 2 4 4 4 2 1 4 4 4 1 2 3 3 2 3 3 4 1 1 2 3 3 3 2 2 2 1 3
4 3 4 3 3 3 1 2 4 4 3 3 2 1 1 1 2 4 2 4 4 3 3 4 3 4 4 4 4 1 1 1 1 4 3 1 1 2 2 3 4 3 3 1 2 1 1 4 3 4 4 3 2 2 1 4 2 3 2 1 1 3 3 3 1 1 1 3 3 4 2 1 1 4 2 1 4 1 4 2 2 4 1 1 3 3 2 2 1 2 1 1 2 2 4 1 1 4 1 4
3 1 2 4 3 2 2 1 3 1 1 2 1 4 2 2 3 4 3 2 4 4 3 1 1 2 1 3 3 2 1 2 4 2 3 3 4 2 1 2 1 3 4 3 1 4 2 3 2 3 4 1 4 3 2 2 4 2 4 1 4 3 2 4 1 3 1 2 4 1 2 3 1 1 2 3 4 1 3 2 4 4 3 1 4 4 1 1 4 1 4 3 3 4 3 3 1 3 4 2
4 2 3 4 3 3 3 3 1 1 3 3 2 2 1 4 1 4 3 4 2 3 4 3 1 4 3 3 1 1 4 2 2 1 1 4 1 4 2 3 3 4 2 4 1 1 2 3 4 1 2 2 3 3 4 4 2 4 2 2 1 4 1 2 4 2 1 2 2 4 1 2 2 1 2 1 3 1 3 3 2 4 3 2 2 2 2 2 2 2 1 2 2 1 2 4 1 4 4 1
2 4 3 3 2 2 3 1 1 3 1 4 2 2 3 2 4 1 2 3 2 2 1 1 4 3 2 1 1 3 2 4 2 3 1 2 3 3 2 2 1 2 3 1 3 3 4 1 2 2 3 1 4 2 3 3 3 4 1 4 2 3 2 3 2 1 3 3 2 3 3 2 1 3 1 2 3 2 1 2 4 1 4 3 4 2 3 4 2 4 2 3 3 3 2 2 1 1 1 1
4 3 2 3 3 3 4 4 4 3 3 3 4 2 4 1 3 2 4 4 2 3 4 3 3 4 3 4 3 1 2 4 3 1 1 1 4 2 1 3 3 2 2 3 1 2 3 4 4 3 2 1 2 1 3 3 4 3 4 1 1 2 3 2 4 3 1 4 4 1 2 1 4 1 3 3 3 4 2 1 2 2 4 3 1 1 1 3 2 4 1 2 1 1 1 3 3 2 3 4
1 3 2 1 1 3 1 2 4 4 1 3 1 1 3 4 4 3 4 1 3 4 4 3 4 3 3 4 1 3 4 3 1 2 1 3 4 1 4 2 4 1 2 3 4 1 2 1 3 4 1 3 4 2 3 4 3 1 1 4 3 2 1 4 4 4 4 4 2 3 2 1 4 4 4 4 3 3 1 3 2 4 3 3 1 3 1 2 2 4 2 1 4 4 4 2 4 3 2 3
3 1 4 4 4 3 4 4 4 4 1 3 3 3 1 1 2 4 1 4 1 2 3 4 4 1 3 2 2 4 4 1 2 4 3 2 4 1 3 1 4 4 1 4 1 4 2 3 3 3 4 2 2 3 3 2 1 4 2 4 1 2 1 2 1 1 2 4 4 4 3 2 1 1 3 3 2 1 3 4 2 4 4 3 4 1 4 2 4 4 1 3 3 3 1 1 2 1 3 2
3 4 2 2 1 3 1 3 3 1 2 3 2 3 4 2 3 1 4 4 1 2 4 4 1 1 4 3 3 2 3 1 4 4 3 3 1 1 2 4 1 3 2 3 2 2 3 2 4 4 2 4 2 1 3 4 2 4 1 3 4 2 1 3 2 2 4 4 1 1 4 4 4 1 3 1 3 2 2 4 3 2 1 3 4 3 1 1 2 1 4 4 2 4 3 3 2 2 4 1
1 1 1 2 3 3 2 3 4 2 4 2 3 4 1 1 1 1 3 3 3 4 4 3 2 3 3 3 1 4 3 3 2 2 3 4 2 1 3 2 3 3 2 4 1 2 1 2 3 1 2 4 2 2 2 4 3 1 4 2 1 2 4 3 3 2 4 2 2 4 4 1 4 2 4 2 2 2 4 4 1 2 1 4 3 4 3 2 2 2 3 2 1 1 3 3 2 1 4 1
3 2 4 2 2 4 2 4 2 2 1 1 1 3 4 2 1 1 1 1 2 1 2 1 2 1 2 3 2 3 1 1 2 1 2 3 2 2 4 1 2 1 4 1 4 4 2 3 3 2 1 1 4 4 4 1 3 3 3 3 2 1 3 3 2 1 4 4 1 3 4 2 4 3 1 1 1 4 4 3 4 4 2 1 1 2 2 4 1 3 3 4 1 1 4 4 2 2 4 1
1 2 1 1 2 2 2 1 2 2 1 3 4 2 4 3 3 2 3 2 4 1 3 3 2 3 2 4 2 1 3 2 4 2 3 2 4 1 3 3 2 1 2 4 1 2 4 4 4 1 2 1 1 3 3 1 4 2 3 2 4 3 2 1 1 4 2 2 3 4 4 4 2 3 1 1 1 2 3 4 1 2 2 1 4 1 2 3 1 2 2 2 3 2 1 4 4 2 3 3
4 4 1 1 3 1 1 2 3 4 3 1 1 3 3 2 1 3 2 2 3 3 4 1 4 3 4 2 2 2 1 2 2 4 3 1 1 2 4 1 4 2 2 4 1 1 4 4 4 4 4 1 2 1 3 4 1 4 4 3 1 4 1 4 2 1 2 2 1 3 2 4 3 3 3 2 4 1 4 4 2 2 1 3 2 1 3 1 4 2 4 3 1 1 2 3 3 2 2 1
3 3 1 2 3 3 2 3 4 1 2 1 2 3 2 4 3 4 3 2 1 1 1 1 2 2 2 3 2 3 2 1 4 4 2 1 4 2 2 1 4 4 1 1 4 4 3 4 2 2 2 4 2 2 1 3 2 2 1 4 2 3 4 2 1 4 1 4 1 3 2 3 3 2 4 3 1 4 1 1 2 3 2 1 4 4 1 3 1 3 4 1 1 2 1 1 1 3 2 1
3 3 3 2 1 3 2 2 2 1 2 4 3 3 3 3 1 1 4 3 1 2 4 2 4 4 1 2 4 3 3 3 2 1 3 4 3 4 3 2 4 3 2 1 4 4 3 2 1 3 1 3 1 2 4 4 1 1 1 3 2 3 2 3 4 3 3 3 1 4 4 3 4 2 2 3 2 4 1 4 2 1 2 3 4 3 1 2 4 2 2 2 4 3 3 3 3 3 4 2
2 1 4 4 4 3 3 3 3 3 4 2 4 3 3 3 3 4 1 2 3 2 2 4 3 1 4 4 2 2 4 4 3 4 2 1 2 4 3 1 1 3 2 4 4 1 2 1 3 4 4 3 3 2 3 2 4 1 1 3 4 2 4 3 3 2 2 4 4 4 1 3 2 1 4 2 4 2 2 2 4 1 4 2 2 2 1 3 4 2 2 1 3 2 1 3 1 4 2 4
4 3 1 2 2 3 1 1 2 3 4 2 4 2 1 1 1 1 3 2 2 1 1 4 1 2 4 1 3 3 4 1 4 4 2 4 1 2 3 1 3 3 2 1 2 3 1 3 1 3 1 4 1 2 2 2 1 4 3 1 3 2 2 3 4 4 3 4 1 1 4 4 1 1 4 4 4 1 2 4 1 3 1 2 4 2 4 3 1 2 1 2 1 2 1 4 1 1 4 1
3 4 2 2 3 1 1 2 4 3 3 4 3 3 4 1 1 4 2 4 3 1 3 1 2 1 4 4 4 2 3 3 3 4 3 1 1 1 1 2 1 3 4 2 3 4 4 2 1 2 2 2 4 1 4 1 2 3 1 2 1 2 2 1 4 4 4 4 4 4 3 1 2 3 2 3 1 3 4 3 1 2 4 4 1 1 3 1 3 1 3 2 4 2 3 3 2 2 3 3
3 4 1 2 4 3 1 4 4 3 4 2 1 1 4 2 4 4 3 2 2 1 3 1 3 2 3 2 1 1 3 2 4 4 2 4 2 1 4 4 3 2 4 3 1 1 1 2 1 2 4 2 3 2 4 4 2 4 3 4 1 3 1 2 1 1 1 4 4 2 3 1 2 1 2 4 3 2 1 1 1 1 1 1 3 1 3 2 4 3 3 3 1 3 2 1 2 3 4 4
3 4 2 1 1 4 4 4 3 2 4 2 2 2 2 1 4 2 2 2 1 1 1 3 3 4 3 4 2 4 1 1 2 4 2 2 2 1 1 3 2 1 3 1 4 1 1 4 3 3 1 3 4 1 4 3 3 3 1 2 4 2 4 4 4 2 3 2 3 4 2 2 2 4 1 1 4 2 4 4 1 3 1 1 3 2 3 3 3 1 2 3 1 1 2 3 1 1 4 2
3 2 3 2 2 1 4 1 1 4 1 2 4 3 4 4 3 1 3 4 4 4 2 2 3 1 3 2 2 4 3 3 1 2 2 3 3 4 1 4 3 3 3 1 4 3 1 2 2 4 1 4 3 1 4 1 1 4 4 3 2 1 1 3 3 2 2 4 3 1 1 1 4 4 3 1 1 1 1 1 3 1 1 1 2 3 2 4 1 4 3 1 4 1 1 4 1 2 1 1
4 1 1 4 2 3 3 3 4 1 2 4 1 2 4 3 4 3 4 1 1 2 1 3 2 4 3 4 3 1 1 3 1 3 3 4 2 1 1 2 1 1 3 4 2 2 3 1 2 2 2 1 3 3 1 2 2 4 4 1 4 2 4 2 3 4 2 4 1 3 4 1 3 1 3 4 1 2 4 4 3 2 1 3 2 3 4 2 4 2 4 1 4 4 3 2 2 3 1 2
1 1 1 3 2 2 3 3 4 1 4 2 4 3 3 2 4 1 3 4 4 4 1 3 2 3 2 2 4 4 4 1 4 4 4 1 4 1 4 4 2 4 2 2 3 4 2 2 3 2 4 1 3 1 2 4 1 1 4 2 3 4 1 1 4 1 2 4 4 1 3 1 4 4 3 2 4 3 3 2 2 2 1 2 2 3 3 2 4 2 2 1 4 2 2 1 2 3 1 2
4 1 2 4 3 3 2 2 3 4 4 1 4 4 4 2 2 1 3 2 2 3 2 1 4 2 1 3 4 4 2 2 2 4 1 1 4 3 2 4 1 2 2 4 3 4 2 1 3 3 3 4 4 1 3 3 3 2 3 1 1 1 1 4 2 2 1 3 3 2 2 4 2 2 1 1 2 4 1 4 2 2 2 2 3 2 1 4 1 3 3 3 3 2 1 2 1 4 3 1
25 4
90 88
96 83
82 1
75 89
62 41
27 50
89 12
97 29
9 30
86 29
66 1
27 67
58 52
22 83
46 87
63 64
94 17
29 8
69 27
82 62
28 72
65 10
18 5
63 6
31 20
59 47
64 73
33 21
79 24
9 8
4 77
46 59
64 81
60 44
71 50
10 60
95 80
20 27
31 73
18 38
74 78
36 36
99 84
29 51
73 14
14 53
54 56
60 78
82 67
32 88
73 43
51 47
63 22
95 41
64 35
34 54
49 65
85 38
67 35
16 4
44 30
80 12
55 68
48 85
56 91
6 79
70 75
78 44
99 67
84 84
53 97
71 81
42 59
30 16
33 10
12 4
43 57
41 42
94 39
19 67
35 5
18 66
34 62
24 73
91 27
69 64
99 18
87 79
100 64
14 23
33 50
32 70
86 87
31 68
66 60
15 97
86 20
100 48
84 23
25 94
19 21
50 96
81 96
35 65
42 54
78 85
43 3
43 19
21 83
63 90
76 25
21 27
29 57
67 42
60 53
22 5
72 97
64 57
57 69
89 2
29 87
42 76
87 24
67 9
81 81
66 69
48 93
55 49
11 39
6 33
58 84
81 44
6 10
1 6
31 28
22 43
35 41
45 42
49 87
82 15
84 60
75 27
69 5
12 49
11 10
61 6
10 38
57 80
83 64
44 26
100 84
5 91
25 87
47 33
66 19
62 50
18 85
8 92
75 47
27 5
88 1
36 54
64 68
32 30
7 37
83 57
61 80
45 78
14 34
16 21
99 40
98 18
35 16
53 78
37 71
46 83
66 29
53 69
97 42
34 31
39 83
83 18
77 85
63 15
43 69
65 54
1 96
39 28
71 70
32 2
13 83
36 4
6 45
97 7
51 38
81 90
23 97
89 51
57 64
23 12
5 83
39 51
50 6
68 47
94 25
26 69
100 10
89 94
3 4
86 97
64 44
11 6
15 40
73 35
4 16
34 85
30 34
67 66
87 39
61 32
26 46
76 5
99 24
62 46
29 4
61 54
65 6
18 54
60 90
75 83
69 48
47 20
79 8
31 1
52 94
87 73
91 70
73 75
88 14
