11
0 0 5
8 0 5
18 8 10
8 16 5
0 16 5
0 24 5
3 32 5
10 32 5
17 28 8
27 25 3
30 18 5
100
889 801 10
877 798 10
863 793 10
854 785 9
852 773 9
850 762 9
848 751 3
847 746 5
846 738 5
845 731 5
844 723 5
843 715 4
842 708 4
841 702 3
840 697 4
839 691 6
837 682 5
832 675 5
826 672 2
822 673 3
817 677 5
811 682 5
805 687 5
798 692 5
791 697 7
781 704 11
768 713 8
758 720 5
751 725 4
746 729 6
738 735 9
727 743 7
719 749 7
709 755 8
699 758 8
687 758 8
678 753 4
671 750 6
662 745 6
653 740 6
645 736 6
637 732 6
630 728 6
621 723 9
611 718 9
599 712 11
586 705 13
570 697 6
562 693 6
553 693 6
544 696 6
536 699 5
530 705 5
524 711 5
518 717 5
512 723 5
506 729 4
500 735 6
493 742 6
485 750 6
477 758 6
471 764 3
467 768 3
463 772 3
459 776 3
454 778 3
449 777 3
444 775 3
441 770 3
438 765 4
435 760 3
432 755 5
428 748 5
424 742 4
421 737 4
417 731 5
413 725 5
409 719 5
405 713 6
400 705 8
394 694 8
383 691 4
377 693 3
374 698 3
372 704 4
369 712 7
365 724 6
362 733 6
359 742 6
355 753 10
350 765 10
345 777 5
342 786 6
338 796 6
335 804 8
330 815 8
325 826 8
320 836 7
312 842 7
302 842 8
24
902 3 10
913 8 3
917 11 3
921 15 4
925 20 3
928 25 4
931 30 2
933 34 3
935 39 5
937 46 4
938 52 4
938 58 4
937 64 4
935 71 7
931 82 7
927 93 7
922 102 7
915 111 7
907 120 6
900 126 6
894 132 6
886 138 6
878 142 6
870 144 6
9
0 3 5
8 0 8
19 2 8
23 14 6
23 21 6
23 28 6
19 40 8
8 42 8
0 39 5
35
573 588 5
568 582 5
565 577 3
562 572 3
561 567 3
562 562 3
564 557 3
568 550 6
573 546 4
578 542 4
585 539 4
591 536 4
600 530 7
608 524 7
617 516 7
623 507 7
628 501 5
632 494 4
635 488 4
638 483 3
640 477 4
642 471 4
644 465 4
645 458 4
645 451 4
644 444 4
642 437 4
639 430 4
635 424 4
629 418 5
623 413 5
617 409 5
611 405 5
598 398 10
587 392 10
10
802 0 10
814 0 4
820 1 4
826 1 4
832 3 5
838 5 5
845 7 3
849 10 3
853 14 4
857 18 3
100
668 676 10
654 672 10
643 667 10
631 656 13
626 636 14
622 619 17
616 595 9
613 582 9
610 568 8
607 557 8
604 545 7
602 536 7
600 526 7
598 516 8
595 505 4
593 498 5
591 490 5
587 484 5
582 477 4
577 472 4
571 470 4
565 468 4
559 466 4
552 464 5
544 461 7
535 458 7
526 455 7
515 451 10
503 447 3
498 445 3
493 443 3
488 441 3
483 439 3
480 435 3
481 430 3
482 425 3
484 420 3
486 415 4
488 408 4
490 401 4
492 395 3
494 390 3
496 385 3
498 380 3
500 375 3
502 370 3
504 365 3
506 360 3
508 355 3
507 350 3
503 346 3
499 343 3
495 340 3
491 337 3
487 334 3
483 331 3
479 328 3
475 325 3
471 322 3
467 319 3
463 316 3
459 313 3
455 310 3
451 307 3
447 304 3
443 301 3
442 296 4
442 290 3
445 285 3
447 280 3
450 275 3
452 270 3
455 265 4
458 258 4
461 251 4
464 245 4
467 239 3
469 234 4
472 228 4
475 221 4
478 215 5
476 207 5
472 201 6
463 195 6
454 189 6
447 185 6
440 181 6
432 176 6
423 171 6
416 167 4
410 163 4
405 160 2
401 158 3
396 155 3
391 152 3
386 149 4
380 145 4
376 139 4
374 133 6
374 123 7
92
56 0 10
65 12 10
75 25 10
83 36 10
91 46 5
98 55 9
106 65 9
114 75 9
122 85 9
130 96 5
137 105 8
145 115 8
152 124 8
160 134 8
167 144 8
173 152 8
181 162 8
188 171 8
195 180 4
201 188 7
207 195 7
213 203 8
219 211 8
227 221 8
233 229 8
239 237 8
247 247 12
258 261 12
270 276 12
281 290 11
289 300 11
300 314 11
308 324 11
319 338 10
329 351 10
339 363 10
347 373 10
357 385 13
368 399 13
381 415 13
391 428 13
402 442 17
418 463 21
438 488 13
448 501 14
460 516 9
468 527 9
477 538 12
486 550 4
492 557 7
499 566 7
505 573 8
512 583 8
519 592 9
528 603 7
534 610 3
539 617 6
547 628 11
557 641 9
564 651 4
571 660 8
577 668 9
585 679 9
592 688 9
600 698 12
612 713 12
623 727 12
635 742 12
645 755 6
653 765 10
663 778 10
671 788 10
679 798 11
688 809 13
701 825 11
710 836 11
720 849 9
727 858 9
735 868 9
742 877 5
750 887 9
758 897 9
766 907 11
775 918 5
782 927 8
790 937 8
798 947 8
805 956 8
811 964 8
819 974 8
826 983 8
834 993 8
94
195 0 10
203 10 10
212 22 6
220 32 9
227 41 9
236 52 7
243 61 6
250 70 9
258 80 5
265 89 9
274 100 8
282 110 8
288 118 8
296 128 11
307 142 15
321 160 15
332 174 15
343 188 16
356 204 16
368 219 16
380 234 16
393 251 16
408 269 16
424 289 17
437 306 17
450 323 5
456 331 6
465 342 13
476 355 14
490 372 14
501 386 14
511 399 4
517 406 8
523 414 8
530 423 8
537 432 4
543 439 6
550 448 9
559 459 9
567 469 9
574 478 4
581 487 8
589 497 12
599 510 12
610 523 7
616 531 7
623 540 7
630 549 8
638 559 8
646 569 8
654 580 8
660 588 3
666 595 7
672 603 7
679 612 7
686 621 7
693 630 7
699 637 6
706 647 12
716 660 12
726 673 10
735 684 10
744 695 5
752 705 9
760 715 9
769 726 9
777 736 9
785 746 8
793 756 8
799 764 8
805 772 8
813 782 9
821 792 9
829 802 6
837 813 11
848 827 9
856 837 7
862 845 7
868 852 7
874 860 7
880 867 5
888 877 10
898 890 10
906 900 7
912 908 6
920 918 12
929 930 10
938 941 10
946 951 8
954 961 8
962 972 8
970 982 7
976 989 6
984 999 9
100
377 589 10
391 590 10
405 588 10
415 580 6
420 574 3
421 569 3
419 564 3
415 560 3
409 557 6
399 552 9
387 547 5
378 548 5
370 552 4
366 557 5
362 565 7
358 576 5
358 585 5
360 593 5
363 600 6
367 609 6
371 617 6
377 623 6
383 630 6
390 634 6
399 638 5
407 641 7
417 642 4
423 642 5
431 642 5
438 640 6
448 636 6
455 631 5
460 625 3
463 620 3
466 614 4
468 606 5
469 598 6
469 589 6
468 581 6
464 571 6
458 564 6
451 557 4
445 552 7
437 546 7
427 539 11
415 531 11
400 525 11
384 521 15
367 518 3
362 519 3
357 521 3
352 523 3
347 525 3
342 527 3
337 531 4
331 536 4
326 541 4
322 548 7
316 559 7
313 570 5
312 579 5
312 587 6
314 597 6
317 605 3
320 610 3
323 615 3
327 619 3
332 623 4
339 628 7
347 634 7
357 639 11
372 645 11
385 651 11
402 655 7
411 656 6
420 657 6
428 657 6
436 655 3
441 653 3
446 651 3
451 649 5
458 646 7
468 641 7
478 635 7
488 628 9
499 618 9
507 610 8
516 599 8
523 589 5
527 583 5
531 576 5
535 569 4
537 563 3
539 558 4
540 551 4
540 544 5
539 537 3
537 532 3
535 527 3
532 522 3
25
363 248 10
351 252 10
335 255 7
325 255 7
314 255 9
303 253 9
291 249 9
277 246 9
266 243 7
256 240 7
245 237 7
236 235 7
226 233 7
217 232 7
207 231 6
199 230 6
190 229 4
183 229 4
177 230 4
171 231 3
166 233 3
161 236 4
155 241 4
151 246 5
145 252 5
3
0 0 5
7 3 6
16 0 5
100
375 634 10
389 642 8
398 649 4
399 655 4
394 660 6
383 662 9
369 661 10
355 656 10
347 642 10
348 630 7
354 621 7
361 613 7
371 609 7
382 607 5
389 608 3
393 612 3
397 617 5
403 624 5
408 632 5
412 638 5
414 645 5
415 652 5
413 659 5
410 666 5
405 673 5
399 680 5
393 686 5
385 690 8
375 694 7
365 696 8
353 693 5
347 689 5
342 683 6
336 675 6
331 665 6
327 655 5
326 647 5
327 639 5
329 631 5
333 623 6
338 615 6
344 608 4
349 603 4
355 599 6
363 595 6
372 592 6
382 590 6
390 589 6
399 588 6
407 590 4
414 592 4
420 595 3
425 598 3
429 602 3
432 607 3
435 612 5
439 620 5
441 629 8
444 639 4
445 646 4
444 653 4
443 659 4
442 665 4
440 672 4
438 678 4
435 684 5
431 692 4
427 697 3
423 701 3
418 705 4
412 709 4
405 713 6
397 719 6
388 723 7
378 726 7
369 729 8
359 732 3
354 733 3
349 734 3
344 734 3
339 734 3
334 733 3
329 731 3
324 728 3
319 724 5
313 718 6
307 710 7
301 700 5
297 693 7
294 683 5
293 675 5
293 667 5
294 658 5
296 649 7
300 639 7
306 629 8
312 620 8
320 612 9
330 603 7
338 597 7
33
533 578 4
526 580 4
519 581 4
513 582 4
506 583 4
498 584 5
490 585 5
482 585 5
475 585 5
467 585 6
459 585 6
451 585 6
443 585 6
434 584 6
427 583 4
421 582 4
414 581 4
408 580 4
395 578 11
381 578 11
367 580 9
356 583 9
344 589 8
333 596 8
323 603 9
315 609 7
309 615 6
303 622 6
297 633 10
291 647 10
285 662 10
282 675 10
280 687 10
29
678 182 7
678 173 7
679 162 7
681 154 4
683 147 4
685 141 3
689 137 3
700 133 9
711 132 9
729 132 12
743 137 12
758 145 12
769 155 10
774 164 8
782 174 8
791 181 7
798 187 6
807 193 6
815 198 6
823 202 6
830 205 4
836 207 4
847 207 9
860 207 9
871 206 8
883 203 8
896 198 8
908 191 10
921 181 10
91
13 954 14
36 974 19
60 989 16
78 997 13
94 999 10
116 998 13
143 998 16
168 991 17
188 986 14
211 977 18
235 967 15
254 951 12
269 938 9
280 926 8
296 901 23
310 872 23
317 848 16
319 826 14
319 794 20
319 765 17
312 744 14
307 728 11
300 713 8
288 689 19
271 666 17
257 651 14
242 636 12
225 622 17
203 600 21
176 569 24
159 538 23
145 510 20
131 468 25
127 435 22
124 406 24
125 379 21
126 356 18
134 316 23
136 289 20
149 263 20
158 240 17
168 222 15
181 203 14
202 180 24
224 165 21
256 145 21
294 126 25
323 121 22
354 116 19
382 113 16
400 116 12
415 120 9
439 126 18
456 132 15
477 142 14
492 155 11
505 168 11
515 180 9
529 202 24
552 234 21
569 251 18
588 268 15
614 282 23
637 294 20
658 307 12
675 312 9
689 316 10
704 320 7
720 320 10
736 319 8
751 319 8
769 314 12
794 306 15
824 293 18
847 287 18
872 271 15
890 263 12
903 253 6
915 244 10
934 225 18
952 205 15
968 179 20
979 158 17
990 134 17
997 113 13
1000 87 16
999 68 13
993 49 12
984 32 9
974 16 12
961 0 10
100
381 468 6
387 460 6
391 453 4
389 443 7
384 436 6
373 433 8
362 432 8
350 436 8
343 445 8
339 455 8
341 468 8
345 476 4
351 481 4
362 487 9
372 489 6
382 487 6
391 482 6
398 475 6
406 464 8
412 451 9
415 436 9
416 426 6
414 417 6
411 406 6
407 395 7
403 388 4
399 382 4
395 377 3
388 372 6
381 370 4
376 369 3
371 368 3
366 367 3
361 367 3
356 367 3
351 367 3
346 368 3
339 370 5
334 372 3
329 375 3
325 378 3
322 382 3
319 386 3
317 391 3
315 396 3
314 401 3
314 407 4
314 413 4
315 420 4
317 427 4
320 433 4
321 440 4
322 447 4
322 453 4
322 459 4
322 465 4
321 473 5
318 482 5
315 488 3
310 494 5
303 500 5
298 504 4
291 508 5
284 512 4
278 516 4
273 518 3
268 519 3
263 519 3
255 518 6
244 515 7
235 512 7
224 508 7
215 502 7
209 493 7
205 477 14
205 462 12
207 446 11
210 431 11
216 418 8
225 409 9
237 402 9
248 397 6
259 396 6
270 397 6
279 399 6
288 401 6
296 405 6
301 412 6
303 422 6
303 432 7
303 441 6
302 448 5
297 455 5
292 462 5
287 469 5
280 473 5
268 478 10
253 482 10
240 476 10
230 467 10
3
0 0 5
8 0 5
8 8 5
39
439 676 10
428 674 7
419 670 7
409 663 7
398 653 11
388 642 11
376 628 11
369 618 7
361 609 7
355 603 5
348 599 4
342 596 4
335 594 4
327 592 6
319 592 6
310 593 6
301 595 6
292 598 6
284 603 6
276 610 6
270 616 5
265 621 5
259 627 5
253 634 7
245 643 7
239 652 6
235 659 5
233 666 5
232 674 5
232 683 6
233 690 4
233 695 3
233 700 3
234 705 3
235 710 3
237 716 4
240 722 4
245 729 5
254 740 10
24
783 834 4
789 828 5
794 823 5
803 814 9
813 805 9
823 796 8
831 789 7
838 783 7
845 777 7
854 771 7
862 766 7
870 761 7
880 755 8
892 749 8
901 744 6
909 740 6
918 736 6
924 733 4
930 729 4
937 724 5
943 718 5
948 713 5
953 706 5
960 696 10
97
539 373 10
544 388 7
545 398 7
546 410 7
544 422 7
541 433 7
537 440 7
530 446 7
521 450 7
510 450 7
501 449 3
496 447 4
491 443 4
486 438 5
481 432 5
477 425 5
476 417 7
475 404 7
478 393 9
487 378 12
499 366 12
512 355 15
531 347 10
542 342 10
557 334 8
571 331 8
582 328 8
595 333 13
614 340 13
628 352 16
639 366 16
648 386 18
654 408 18
665 436 18
672 459 18
690 481 18
706 499 18
721 511 18
740 525 18
763 534 16
781 535 17
804 533 17
826 533 17
849 522 17
871 510 17
885 497 17
903 478 17
916 456 17
917 437 17
923 413 17
928 391 17
920 371 11
912 360 11
898 352 11
884 349 4
877 350 4
870 352 4
862 357 9
851 366 9
839 375 9
831 387 9
827 400 11
828 416 9
829 428 9
831 438 4
830 445 6
828 454 6
823 461 6
817 468 7
806 476 7
794 480 10
777 483 10
761 480 10
746 477 9
734 472 9
722 465 9
711 457 9
702 451 3
698 446 5
695 437 5
695 428 6
697 418 6
701 409 6
706 400 6
711 392 7
719 386 4
726 383 4
732 382 3
737 384 3
742 387 5
747 392 5
751 399 5
754 406 7
755 417 7
755 428 9
751 440 9
743 451 9
100
346 11 10
360 16 5
368 19 6
375 24 6
381 28 5
387 31 5
394 34 5
400 36 2
404 37 3
409 39 3
414 42 3
418 46 3
422 50 3
426 54 3
430 57 4
436 59 3
441 60 3
446 62 5
454 66 5
461 70 5
466 74 5
473 78 5
480 82 4
487 85 4
494 87 4
499 89 4
504 92 4
509 97 5
514 102 5
519 107 5
524 112 4
529 116 4
535 119 5
541 121 5
547 126 5
553 132 5
559 138 5
566 143 4
573 146 4
579 147 5
586 149 5
594 152 5
601 155 6
608 159 4
613 163 5
619 167 5
625 171 4
632 174 6
640 176 6
648 179 4
653 181 4
658 183 4
664 186 4
669 188 3
674 190 3
679 192 4
686 192 4
692 193 4
699 196 5
705 200 3
709 203 3
713 206 3
718 208 4
725 211 4
731 211 3
736 212 3
741 214 3
745 217 3
749 220 3
753 223 3
757 226 3
762 228 3
767 230 3
772 232 5
778 235 4
783 239 4
788 243 6
794 248 6
802 253 5
809 256 4
816 257 4
822 259 5
828 262 5
834 267 4
840 272 4
846 276 4
851 279 3
856 281 3
861 282 3
866 284 5
873 288 7
880 294 7
886 301 8
896 308 8
907 315 9
917 320 6
925 324 7
935 331 7
944 337 10
956 344 7
33
884 46 10
895 56 9
904 66 9
911 75 9
918 84 7
922 92 7
925 101 7
926 110 8
926 123 8
927 134 8
928 145 10
929 159 11
931 172 11
933 187 11
935 202 8
937 212 5
939 220 4
941 227 7
943 236 3
944 241 3
945 246 3
947 251 3
949 256 3
951 261 4
953 267 5
956 274 5
960 281 7
965 289 4
969 295 4
973 301 4
977 307 4
981 313 4
985 318 4
28
822 280 4
827 284 4
832 289 5
838 295 5
844 301 5
850 307 6
854 313 4
859 321 6
861 327 4
863 333 4
864 338 3
865 343 3
865 348 3
865 353 3
864 360 5
863 368 6
862 382 9
860 395 9
856 419 17
851 443 17
846 464 17
845 489 17
844 507 13
845 525 13
848 539 10
854 554 10
861 569 10
866 580 10
100
814 626 10
800 633 11
784 640 10
771 645 8
758 651 8
746 656 10
734 660 5
727 664 6
718 669 9
706 676 10
690 685 9
677 692 12
663 697 6
654 701 4
647 704 5
640 708 6
631 713 9
621 717 5
614 720 6
606 723 6
599 725 4
593 728 4
587 731 6
579 734 6
570 738 8
560 742 4
554 744 3
549 746 3
544 748 3
539 750 3
534 752 3
529 754 4
523 757 3
518 759 3
513 761 3
508 763 3
503 765 3
498 767 3
493 769 4
486 772 4
480 774 3
475 776 3
470 778 3
465 780 3
460 782 4
453 785 4
447 788 5
440 792 7
431 797 9
420 803 9
409 807 3
404 809 3
399 811 3
394 813 3
389 815 3
384 817 4
377 820 4
371 823 6
362 827 6
352 832 9
342 836 2
338 838 3
333 840 4
326 844 5
319 847 6
311 850 3
306 852 3
301 854 4
295 856 4
289 859 6
280 862 6
270 867 8
259 872 7
248 877 10
232 885 8
219 891 7
209 894 4
203 897 4
197 900 4
190 903 6
180 907 9
167 912 11
150 921 14
134 929 10
122 933 5
115 937 6
107 941 3
102 943 3
97 945 3
92 947 3
87 949 5
80 952 6
73 954 2
69 956 4
62 959 4
56 962 3
51 964 3
46 966 3
41 968 3
36 970 3
100
121 799 10
113 808 7
107 815 7
100 824 5
99 832 5
104 839 6
112 843 6
121 847 6
130 845 6
137 839 5
143 832 5
147 825 5
149 816 5
149 808 5
146 799 5
141 792 8
131 782 8
119 775 8
108 773 4
101 774 4
94 777 6
85 782 7
77 788 7
69 794 7
63 803 10
58 814 10
57 829 10
61 842 7
65 852 5
70 859 7
76 867 7
86 874 7
97 877 10
112 877 8
122 876 9
136 874 9
147 869 9
159 862 12
172 851 15
185 839 15
200 825 15
217 809 12
227 795 14
235 779 14
242 760 14
244 741 12
246 722 12
246 705 16
242 684 6
239 675 4
236 668 4
234 661 6
233 652 5
234 645 5
237 637 5
242 630 5
247 625 6
254 620 6
263 617 6
273 615 10
289 615 10
305 615 10
319 618 5
327 621 6
335 625 6
342 632 6
349 639 4
354 644 5
358 651 8
364 661 5
366 669 7
368 680 8
366 691 8
360 701 8
351 713 8
342 721 8
333 728 6
323 733 6
314 735 4
306 736 5
298 735 6
289 731 5
282 725 7
275 718 7
269 708 7
265 698 4
266 691 4
268 684 6
274 677 4
279 673 4
285 671 4
292 671 4
298 673 5
305 676 3
310 679 3
312 685 4
314 692 5
315 700 5
308 707 8
299 717 8
100
649 908 7
654 902 4
655 896 4
654 889 5
650 883 5
643 873 9
637 864 7
631 856 7
626 850 4
620 842 7
614 833 7
607 823 7
601 815 7
594 805 9
586 794 9
580 786 6
574 777 7
571 768 7
572 760 6
579 751 7
585 744 7
592 736 7
599 728 7
605 721 7
612 713 7
627 696 17
643 678 17
662 657 18
677 641 16
692 625 16
705 612 16
724 592 18
739 576 18
748 559 12
748 542 13
739 525 13
730 514 10
723 506 6
717 499 6
710 491 6
705 485 5
700 480 4
696 475 4
691 469 4
686 463 4
681 458 4
676 452 4
672 447 4
668 442 4
666 437 3
667 432 3
668 427 3
670 422 3
672 417 3
675 410 5
678 402 5
680 396 4
682 389 4
684 384 3
686 378 4
688 373 3
690 368 3
692 363 3
694 357 4
696 350 4
696 344 4
693 338 4
689 332 4
685 327 4
681 323 4
675 317 6
670 312 4
666 307 4
661 302 4
655 295 6
649 289 6
642 283 6
635 276 6
628 270 6
621 263 6
614 257 6
611 250 4
609 243 4
611 236 4
614 229 4
616 223 4
619 216 4
621 210 4
623 204 4
625 198 4
628 192 4
631 184 6
637 171 9
641 162 8
645 153 8
653 136 13
662 120 13
664 105 13
659 86 12
653 75 10
100
0 0 25
49 3 25
98 4 25
147 9 25
196 17 25
245 23 25
294 24 25
343 24 25
392 29 25
441 30 25
490 31 25
539 30 25
588 22 25
637 16 25
686 13 25
735 11 25
784 11 25
833 9 25
882 7 25
931 4 25
980 2 25
1000 45 25
998 94 25
997 143 25
996 192 25
995 241 25
993 290 25
992 339 25
991 388 25
990 437 25
989 486 25
989 535 25
990 584 25
990 633 25
991 682 25
991 731 25
991 780 25
991 829 25
993 878 25
994 927 25
996 976 25
958 1000 25
909 1000 25
860 998 25
811 997 25
762 996 25
713 995 25
664 994 25
615 992 25
566 992 25
517 990 25
468 989 25
419 989 25
370 991 25
321 992 25
272 994 25
223 994 25
174 996 25
125 997 25
76 998 25
27 1000 25
0 960 25
5 911 25
12 862 25
15 813 25
20 764 25
20 715 25
27 666 25
29 617 25
35 568 25
30 519 25
24 470 25
16 421 25
13 372 25
9 323 25
3 274 25
0 225 25
0 176 25
0 127 25
0 78 25
49 86 25
98 89 25
147 94 25
196 95 25
245 103 25
294 103 25
343 105 25
392 112 25
441 112 25
490 112 25
539 114 25
588 121 25
637 129 25
686 135 25
735 137 25
784 139 25
833 145 25
882 150 25
931 159 25
939 208 25
38
912 307 10
902 300 10
890 290 10
879 278 15
868 262 14
858 246 7
853 238 5
850 231 5
847 223 8
842 214 10
833 202 14
820 184 19
807 167 12
797 155 15
782 143 15
767 133 13
752 125 13
735 118 13
717 111 17
693 106 17
674 102 13
656 102 13
641 103 13
625 105 13
607 111 18
586 122 20
565 136 17
546 152 17
528 168 17
510 186 17
494 206 17
482 226 18
470 249 14
462 270 16
458 291 16
456 314 16
457 336 7
460 347 7
0
