3 3
1
2
3
1 2 1
1 3 1
2 3 10
3 2
100
10000
1000000
1 2 2
1 3 3
6 6
2
3
5
7
11
13
1 3 17
3 5 19
5 1 23
2 4 29
4 6 31
6 2 37
11 16
74
25
3
39
55
18
74
55
74
3
18
1 7 200
9 1 423
2 9 205
6 2 255
2 5 123
4 2 193
2 3 200
10 2 333
2 11 256
3 10 171
4 10 512
1 2 201
8 5 314
6 7 150
11 6 257
7 9 315
20 38
412516
185397
509168
712745
966959
101213
666120
790528
275431
677098
623178
240167
4371
299088
925699
72800
121416
796859
810604
142754
13 5 1000000
3 7 991832
10 1 781938
15 8 455731
1 3 655887
1 20 604802
19 10 452912
15 5 360121
10 15 256967
9 5 682599
8 7 917302
5 18 974821
2 19 790778
17 5 298105
15 11 132405
18 19 745543
2 4 790778
1 2 790778
11 14 269668
15 4 882901
1 14 522591
15 18 424799
9 19 712540
20 5 592132
18 17 770826
19 8 592380
16 5 258739
8 4 794157
3 18 569611
7 19 340021
19 11 803293
8 18 692318
9 6 626882
20 2 592133
2 17 196463
12 14 506077
16 20 928375
12 18 894053
0 0