10 100 9
8942738837566895767227752633732642369339931768433552462855198749439734169496984311372716946162953948
7968977829799781431746878648375896953616928128984321765596883221883278576464438245943311974255157573
5559828561611439325212433366587218923472286455676877662234226215927773523414327628392214942543345838
6474313237599927861252815348169376378285421967743192636795796729413385311399126929119442488287722263
7334369782337912838656279379911783695869711311211668199182768787689598775775892269149515586638939669
7378274261811396938394191223695592813799756175251923295414179856972279326141813424442486291442669959
3334549391211736234321745224849877399481666186499356343521987192862227526226162853637732765154526836
9176398614546339939761666254267591326532431788423943868112162335559929297795153966481927363463968259
6181364878527862225756588695696688655464142939455691549651954582356289268151896483782651453569331198
9627752833149116851539465117787141675287579644139559877763335245436175841313654751655237145988932536
9921179344174932258829375578372456354581282629366553492667327728322538765282658938741388328755832399
2794124885461448493847374754999796421497782288579491689259479434532936795169931294653288181581684697
1139286657458244796369236417976171668137572288413594347127158586232868232558827683779826686831124524
6559979557752668943629292336823273124684171453743168922743689991156387357894486644789278696762743138
7567412332859458426597843741465283388533515252476986816558476618269387215867359782456759318695638762
9646547553516546697274569329962347371328811535774728276566749788428136493456474686793443222455234253
5666811166349654998414584596594965664293195894551537388979689141585644753615517568391437339795379411
8344987822536988971712156124527856312668546595873956183689568413352714649855854479343636114432622159
1343314382294631345797413453488264733755341517669672843388123428867261475258127295292613148713959227
9863273437977725912897979726855736587963716546635696164214458975166714987149153282354762395817155334
9734584944827946715231837198775835331884753682261967674314717472446293141193533957347961135332685382
3878582839847816967711167784334828349676521423113422959691691169249611472867222925435453769329867847
2236249113325641122329524187263682463113432946846731745661157626526671889295867313116871732413372367
9395687936324383656566451166112129928418849276576679137181445961971779971849847297758329863869975996
4642295191853933836187777391734666217558958392783571249149735154182735318444641498688874564643273437
8962866551637994353993736332511599225692197291973924653257835846331616829229741563645869973262674353
4643456763199395228625628492559551358334833455923732419179538426737777176233574137219154676733441466
7352582248249181742387643879492347361261146291782886147135484158346665352332342228427632659715792179
5915262766559793773855752148225182544324667883984913977313647935123863788247862428796318356322922766
5245294446585591393383264278224173751769341591974858623364535184956654422336293526575155537513856346
4548817793547782127439319394167336361232178953533711365666169575565692386943699891169632952678358158
7737564412856344799646776784515493142281831317473171265184454336297116975837511435229998786778166955
4472848912639462819888481566575441666498462899691561641641936987846566962778222262319342543993143865
7458947783894779319342715285485385956642745685694864863357648235256446298526442547747263636258357719
1252158286234814147773417144676942898924317182755142357132657892797495536147444962798412839629331874
2958187177746585942859262394157718927784666455694313854954467363896157734968445733759557589237286828
9114311184536313662225115539449225716195841731729873162983923316591484284177979649473962817194244874
6259228192316345158293117752967817875852441267129954399926429414964457876415994627614557332779871254
9169427478296785391999772834756748221549426964282586727469443919431423553827794843398477935227612328
7162617471852358518928457563379242963592351755377418651535341676323745184438119529332635611634679664
5612583832256925234589565432447874629377166992366326623439385239719271746485942939213912538534953771
4855173982256329911541637663448351154339574999687945196118756536639279966525837511587556647758913875
3243237377756172288244524255882962334859298246629673392712462234123876153594931415413532381823736512
9253268267115213177652849513664985952631838232447794588257629528923497531181788188638554741186999981
2391344683451844618373696292971558319532292559372894212496787555128428359883322756245166799463357119
9435887462819271423353842874485934129442183428245667987182212542268289748297159124299726823199378757
9445839978732772856557698938811358861636987278235515269521665568785652582665262487185455217283896918
6168681367785713238171166783566667375757472826765942386756192531348377736488945537567866426929884457
6527327384944428933659249947898143143535471359428957979846823474385537142446922163855263479131616997
3126179367751419386199142397795485944376327827297648739911754291546673248569783337795237189257146933
8812948227134161989262794376358942544568863837915286877371331885242211944318554583826143816975851756
9268494795626839816637357576354919848616169395961428777996489264567224723342642938653575313974435611
8626983181553791867442824219797767718923797426121248263566595513765391118682586155791729462668437757
5758333262986129766351854661444429467919898424794475924916414579973522837899161973218625167159975322
3653476799917643578896879165239177482555968426619154716545574693952586594334875185424771877345933114
2128949952572289949813976393175629543231169182848131671271268387148116857883514996718599724357462246
6562175763732346824337887581742263484277639548992192435339862945397429447198814426258855918895371894
2379252761126659121241999283999713586163597245781111315494772521153614236814234788844329847944541877
7995237838846626321425382924897815667852854177672353289739459689137746324111616846454563843424835391
3495583452995934929873478731469241743688618736968711484262352168975715691782596897261391767434646641
6247185761649176367821174476758526944622945363557315754378483653225676725237315738283554353368653242
9455636797311268536255197454632958879135744213175167951691378932185143435434431519793738273937827557
9476776433428148435215531737381535795674517556757513133994868788442945348451311641247449438711598242
3525647732468684412546136258584642715375914842744413985653111391462627193931696432389715531262536692
9943697593479448458291314317633173824623952483893914131511255349923149851981522389954338891967488993
7791628853958398194716685826522767259212529874613119994391798128288772298987849574842817766184588931
8652174423439138992279829326952247299928886347741666764726623521998822558225259843526421462985371164
3944361121176139423557849283373117182294137783575323354414375149661528393385281957331396889889973998
5467477679519819391355416979125161785188448384777587138567351186422167766363971611323589317677377969
9884218823271775836473485394214263728822912318753932589975524647463519167356413482196219886472191911
2377293973156511584875312484239284165944751529354114169157164328434587479737523715921244188136511533
2583173939896376891818783982951591421953786432387128357125383192116964877393997114672526895238315974
4781365588465823718439328137222397952953376417474819671767231599296874649981681967692653918515923337
3151387715821423159269393822747447123847325731952728566736446385429543541611523455213764717714486656
6575687641936239871584834952758562488447211367221834485731915993813451952361467782847777519115353598
3754692421842974162142125192522664347182777626697971164175688292682865167123726216738621475791243942
9463841844641878637781679555988276919428441411413556612228498156593769196943618416169472654713977354
9736569739913933221653814919819231513324439325911599681933987727566679523657911356386328227447241719
5432587243425597427248613126227631555227239118397736889268527525828214554348881529562255653641332724
3198188181528349515125689984932842336945713416945264581222148293271899851978938284449567887249258766
1893599173742198966517847858863764824217674335357712757378545756492649972559177548461895786754217764
9567268422855749426782355437538127475627754646728331478555592645815494569299724949854612593125767187
4382248495687473211673234482813767854662889564964229655413749248455626545496566751245793178123443759
6551895496366954141852189124849955167956496247875387342325261942434741714228579988783372489892626836
1194889758899585413618554864334278268892486243896454118238541488421257138113299891897824743882277719
4412146533543478548681476114614284951212181455163747817689212379996582436475148537365636831727381472
6196474588643117612833279642397543652218497425162276267629794153795576275658182386586731242775559979
2851497658897594863692318973111427843547632454128736672868238695739166529547283112353642116919641583
5467148894277614355126535493253939658211599364198965449859741885761946984638951616968669883581733579
1497794314382695246185744979972288967548459391113453794994377353328621124945515366515493921386346619
5416832595923747994441255263224496673961769642452459726231143428818916935474754476346876335385626526
5331311633928162489417726431227581464642945297923963746428325679619138424568815769694961733554934529
3572761211673988666754938718527629567451467166387421316357444416361196835552572751552836529687438559
6664991539542243138424321476282686461313229346383393887989966349183428692724375721151332541389141458
9289814652265332119821434333244214171963683298325488318265433579525388168575957563224897698494931964
3793425878653866943349264359245784452189242546882716712966326475831982361972851789774412613121229323
1132548978669347446916674839999688833582435922431729633596225238229154929866626491174211873991383472
6394245649237123129616147954633587413322431338744635184184834681971216487282266654592394249982294117
2458799634591169939363844322716441277173163961172794129628319898988936757579258353132416148158731595
7416258269657392329177566218144135116535119186264491441339754539914744261411679177216876656969154947
