189
52 52 4
52 52 6
52 52 2
52 52 7
52 52 1
52 52 3
52 52 4
52 52 7
52 52 9
52 52 1
52 52 6
52 52 3
52 52 5
52 52 2
52 52 4
52 52 8
52 52 1
52 52 9
52 52 7
52 52 6
52 52 5
52 52 2
52 52 3
52 52 4
52 52 6
52 52 7
52 52 8
52 52 1
52 52 9
52 52 3
52 52 2
52 52 5
52 52 4
52 52 6
52 52 8
52 52 7
52 52 9
52 52 1
52 52 2
52 52 3
52 52 5
52 52 4
52 52 7
52 52 6
52 52 1
52 52 8
52 52 5
52 52 3
52 52 9
52 52 2
52 52 4
52 52 6
52 52 1
52 52 7
52 52 8
52 52 5
52 52 9
52 52 3
52 52 2
52 52 4
52 52 6
52 52 1
52 52 7
52 52 8
52 52 5
52 52 9
52 52 2
52 52 3
52 52 4
52 52 6
52 52 1
52 52 7
52 52 5
52 52 8
52 52 9
52 52 2
52 52 3
52 52 4
52 52 1
52 52 6
52 52 7
52 52 5
52 52 9
52 52 2
52 52 8
52 52 3
52 52 4
52 52 1
52 52 6
52 52 7
52 52 5
52 52 2
52 52 9
52 52 8
52 52 3
52 52 4
52 52 1
52 52 6
52 52 7
52 52 5
52 52 9
52 52 2
52 52 8
52 52 3
52 52 1
52 52 4
52 52 6
52 52 5
52 52 7
52 52 8
52 52 9
52 52 3
52 52 2
52 52 1
52 52 4
52 52 6
52 52 5
52 52 7
52 52 8
52 52 9
52 52 3
52 52 2
52 52 1
52 52 4
52 52 6
52 52 5
52 52 7
52 52 8
52 52 9
52 52 2
52 52 3
52 52 4
52 52 1
52 52 6
52 52 5
52 52 7
52 52 8
52 52 9
52 52 2
52 52 3
52 52 4
52 52 6
52 52 1
52 52 5
52 52 9
52 52 7
52 52 8
52 52 3
52 52 2
52 52 4
52 52 6
52 52 1
52 52 9
52 52 5
52 52 3
52 52 8
52 52 7
52 52 2
52 52 4
52 52 6
52 52 1
52 52 9
52 52 3
52 52 5
52 52 7
52 52 8
52 52 2
52 52 4
52 52 6
52 52 3
52 52 9
52 52 5
52 52 1
52 52 7
52 52 2
52 52 8
52 52 6
52 52 9
52 52 3
52 52 5
52 52 4
52 52 7
52 52 1
52 52 2
52 52 3
52 52 9
52 52 8
52 52 4
52 52 6
